Co_0_0_int5.xyz -10.81 4.56 -23.79 4.58 -1.76 -3.53
Co_0_1_int5.xyz -9.65 4.85 -23.24 -0.64 5.93 -8.00
Co_0_2_int5.xyz -9.54 3.89 -20.37 -1.27 2.08 -5.52
Co_0_3_int5.xyz -1.94 -3.71 -11.48 -3.91 1.51 -11.21
Co_0_4_int5.xyz -13.46 7.18 -25.69 4.71 0.58 -4.05
Co_0_5_int5.xyz -7.81 4.98 -19.22 -2.19 -0.69 -5.80
Co_0_6_int5.xyz -10.58 3.67 -26.81 4.20 0.12 -1.34
Co_0_7_int5.xyz 2.29 -3.47 -15.38 -0.28 -1.09 -12.81
Co_0_8_int5.xyz -9.52 3.27 -20.86 2.18 0.80 -6.61
Co_0_9_int5.xyz -9.99 2.21 -21.09 -0.28 4.21 -5.80
Co_0_10_int5.xyz -10.95 4.20 -22.18 1.93 3.57 -7.30
Co_0_11_int5.xyz -11.45 6.54 -28.01 2.27 4.92 -5.01
Co_0_12_int5.xyz -9.29 2.81 -19.54 -0.45 4.26 -8.54
Co_0_13_int5.xyz -4.34 -0.99 -16.36 -0.76 5.95 -14.24
Co_0_14_int5.xyz -11.38 5.84 -25.61 5.33 1.08 -6.01
Co_0_15_int5.xyz 0.19 -7.71 -13.01 -4.73 3.53 -9.00
Co_0_16_int5.xyz -9.05 7.94 -21.53 -6.76 5.86 -7.21
Co_0_17_int5.xyz -11.74 9.97 -25.76 -0.93 7.35 -9.63
Co_0_18_int5.xyz -8.34 1.64 -17.58 -1.19 2.51 -7.78
Co_0_19_int5.xyz -9.00 5.12 -23.06 -2.32 6.20 -7.68
Co_0_20_int5.xyz -10.52 8.29 -17.95 1.56 -2.09 -10.03
Co_0_21_int5.xyz -5.40 -1.80 -19.46 0.03 5.15 -9.25
Co_0_22_int5.xyz 1.44 -3.46 -16.94 -4.58 1.78 -8.98
Co_1_0_int5.xyz -9.76 5.00 -24.88 1.32 1.56 -3.97
Co_1_1_int5.xyz -3.05 -1.22 -21.80 0.46 0.73 -5.87
Co_1_2_int5.xyz -6.31 3.67 -19.28 2.07 -3.43 -7.46
Co_1_3_int5.xyz 0.27 -2.19 -18.79 0.67 2.38 -13.07
Co_1_4_int5.xyz -11.09 2.61 -22.47 2.09 1.22 -3.09
Co_1_5_int5.xyz -8.88 8.97 -20.41 -4.26 -1.19 -4.98
Co_1_6_int5.xyz -2.43 -1.57 -17.66 5.43 -9.73 -4.77
Co_1_7_int5.xyz 13.27 -3.39 -12.74 -4.03 -8.32 -15.53
Co_1_8_int5.xyz -8.33 0.97 -18.13 -0.20 2.12 -7.18
Co_1_9_int5.xyz -9.67 2.97 -16.65 1.25 0.52 -9.15
Co_1_10_int5.xyz -9.25 1.26 -20.29 3.97 1.21 -7.64
Co_1_11_int5.xyz -7.29 3.38 -22.54 5.20 -2.34 -7.16
Co_1_12_int5.xyz -8.63 -0.03 -19.26 3.27 -0.29 -5.81
Co_1_13_int5.xyz 6.19 -8.12 -12.56 -4.12 19.01 -31.14
Co_1_14_int5.xyz -7.48 1.13 -19.61 0.81 2.89 -8.49
Co_1_16_int5.xyz -11.87 6.45 -18.77 -6.05 3.41 -3.91
Co_1_17_int5.xyz -9.01 1.98 -18.21 5.66 1.05 -12.22
Co_1_18_int5.xyz -5.67 6.32 -20.83 2.40 -2.55 -10.42
Co_1_19_int5.xyz -9.13 8.25 -23.04 0.38 0.81 -8.01
Co_1_20_int5.xyz -9.20 0.43 -14.74 -1.20 3.83 -9.87
Co_1_21_int5.xyz -6.20 3.04 -20.24 -5.06 9.61 -11.90
Co_1_22_int5.xyz 0.15 -4.07 -18.17 4.18 -0.18 -12.64
Co_2_0_int5.xyz -8.83 3.37 -21.01 2.41 -2.27 -4.41
Co_2_1_int5.xyz -1.45 -2.74 -18.64 -5.81 5.96 -8.05
Co_2_2_int5.xyz -4.21 4.78 -20.29 0.94 1.26 -13.22
Co_2_3_int5.xyz -5.10 1.24 -17.84 1.18 -0.67 -9.54
Co_2_4_int5.xyz -12.72 3.56 -12.91 -4.07 7.79 -12.39
Co_2_5_int5.xyz -5.58 -2.09 -9.05 -6.12 1.53 -9.43
Co_2_6_int5.xyz -4.46 1.91 -21.39 0.88 -1.87 -5.82
Co_2_7_int5.xyz 5.41 -3.05 -16.11 8.59 -6.66 -18.92
Co_2_8_int5.xyz -3.88 -2.25 -15.00 -0.03 -2.30 -7.29
Co_2_9_int5.xyz -4.17 -1.61 -19.56 -0.61 1.84 -6.62
Co_2_10_int5.xyz -8.15 3.62 -22.65 1.77 8.24 -13.57
Co_2_11_int5.xyz -5.86 2.53 -24.09 2.00 9.08 -14.39
Co_2_12_int5.xyz -7.47 -0.39 -17.11 -1.98 5.24 -9.04
Co_2_13_int5.xyz 1.90 -2.02 -19.80 3.11 4.66 -18.59
Co_2_14_int5.xyz -9.67 7.32 -22.36 -3.23 16.74 -19.54
Co_2_16_int5.xyz -5.91 4.45 -22.01 3.42 7.89 -18.59
Co_2_17_int5.xyz -14.91 9.85 -16.77 -1.15 -3.93 -3.84
Co_2_18_int5.xyz -11.91 8.61 -15.25 -7.01 3.25 -8.43
Co_2_19_int5.xyz -6.79 5.97 -15.65 -2.77 7.75 -19.25
Co_2_20_int5.xyz -4.25 2.30 -12.53 -4.66 -0.04 -11.56
Co_2_21_int5.xyz -3.83 1.17 -5.57 -11.68 3.11 -13.94
Co_2_22_int5.xyz -4.21 3.14 -13.30 -0.13 -4.32 -11.92
Co_3_0_int5.xyz -9.25 4.40 -20.52 0.13 -1.95 -3.55
Co_3_1_int5.xyz -3.11 -2.16 -18.22 -2.92 4.07 -8.40
Co_3_2_int5.xyz -4.57 3.15 -20.36 2.37 -2.23 -9.10
Co_3_3_int5.xyz -0.15 0.89 -15.46 -3.32 -2.62 -10.07
Co_3_4_int5.xyz -10.70 9.63 -27.35 6.60 -2.46 -6.46
Co_3_5_int5.xyz -5.17 -0.89 -18.48 2.81 -3.77 -5.23
Co_3_6_int5.xyz -5.80 9.91 -24.71 2.89 -8.71 -4.32
Co_3_8_int5.xyz -5.14 6.15 -21.61 5.00 -4.98 -10.17
Co_3_9_int5.xyz -3.51 -2.93 -20.23 1.26 2.84 -8.16
Co_3_10_int5.xyz -3.04 -0.49 -17.43 -4.77 4.11 -9.12
Co_3_11_int5.xyz -5.13 2.72 -21.15 5.73 -1.00 -11.90
Co_3_12_int5.xyz -3.40 0.93 -17.12 -3.33 6.89 -14.71
Co_3_13_int5.xyz 3.55 -0.32 -10.22 -7.47 9.61 -25.90
Co_3_14_int5.xyz -3.99 1.26 -21.15 -0.27 4.92 -11.51
Co_3_16_int5.xyz -9.90 10.11 -26.00 4.57 -5.97 -3.55
Co_3_17_int5.xyz -4.74 5.71 -23.98 6.01 -3.11 -10.63
Co_3_18_int5.xyz -8.87 5.08 -16.67 -1.35 -4.75 -4.19
Co_3_19_int5.xyz -6.97 4.17 -18.21 -2.58 3.69 -10.83
Co_3_20_int5.xyz -4.79 4.73 -10.98 -6.50 -0.10 -13.09
Co_3_21_int5.xyz -1.13 -5.65 -8.37 -2.61 2.14 -15.11
Co_3_22_int5.xyz 1.70 2.38 -11.23 -5.25 -3.94 -14.40
Co_4_0_int5.xyz -13.48 8.79 -24.61 -0.23 1.24 -2.46
Co_4_1_int5.xyz -5.91 2.38 -21.97 4.18 -4.66 -4.76
Co_4_2_int5.xyz -10.57 5.55 -18.81 -8.00 5.08 -4.00
Co_4_3_int5.xyz -5.88 4.07 -17.39 0.79 -2.57 -9.76
Co_4_4_int5.xyz -11.53 8.73 -22.01 -2.83 4.64 -7.75
Co_4_5_int5.xyz -8.46 2.39 -22.12 0.28 1.72 -4.54
Co_4_6_int5.xyz -12.12 7.30 -24.01 -0.30 5.55 -7.16
Co_4_7_int5.xyz 5.39 -5.28 -15.76 -0.90 -0.17 -14.03
Co_4_8_int5.xyz -12.32 3.20 -16.22 -4.00 2.45 -3.84
Co_4_9_int5.xyz -9.49 5.28 -17.39 -0.06 -2.70 -6.38
Co_4_10_int5.xyz -9.41 0.49 -16.40 5.85 -6.64 -4.63
Co_4_11_int5.xyz -9.32 1.88 -18.06 -0.76 6.57 -11.06
Co_4_12_int5.xyz -12.76 3.63 -18.42 0.59 1.37 -5.16
Co_4_13_int5.xyz -5.23 3.99 -8.39 -12.27 6.86 -15.70
Co_4_14_int5.xyz -9.60 4.56 -22.54 2.49 -0.21 -5.45
Co_4_16_int5.xyz -14.16 8.38 -25.70 11.60 -4.92 -5.94
Co_4_17_int5.xyz -18.25 5.42 -20.40 10.10 -4.70 -2.92
Co_4_18_int5.xyz -17.15 2.30 -20.62 3.66 3.86 -2.78
Co_4_19_int5.xyz -9.77 8.40 -28.56 8.78 3.71 -13.30
Co_4_20_int5.xyz -14.04 7.92 -18.50 -0.50 2.70 -8.32
Co_4_21_int5.xyz -6.62 5.43 -21.48 6.36 -8.03 -6.40
Co_4_22_int5.xyz 1.42 -0.10 -15.09 -4.58 5.26 -17.64
Co_5_0_int5.xyz -12.14 7.41 -25.91 1.13 -0.41 -0.81
Co_5_1_int5.xyz -8.49 1.32 -18.55 -5.66 0.86 -0.23
Co_5_2_int5.xyz -2.91 -4.02 -13.70 -3.12 -4.26 -2.72
Co_5_3_int5.xyz -0.68 -1.72 -13.73 -3.96 -4.15 -6.51
Co_5_4_int5.xyz -12.60 8.81 -26.86 3.67 4.39 -8.15
Co_5_5_int5.xyz -9.71 7.07 -24.92 1.59 3.65 -8.42
Co_5_6_int5.xyz -19.30 5.62 -17.09 -1.23 4.20 -2.94
Co_5_7_int5.xyz 8.11 2.67 -14.08 -9.44 -0.21 -17.79
Co_5_8_int5.xyz -8.99 0.79 -18.50 4.77 -1.76 -7.06
Co_5_9_int5.xyz -11.00 3.80 -18.57 3.84 -5.34 -3.48
Co_5_10_int5.xyz -11.88 5.44 -24.08 7.01 -1.92 -5.31
Co_5_11_int5.xyz -10.32 0.69 -19.67 5.17 0.53 -7.13
Co_5_12_int5.xyz -10.99 5.57 -24.84 6.71 -0.22 -6.98
Co_5_13_int5.xyz 3.37 -9.35 -2.24 -12.12 3.13 -13.53
Co_5_14_int5.xyz -9.28 0.89 -16.26 -1.78 2.51 -6.83
Co_5_16_int5.xyz -10.57 11.48 -31.77 10.89 -1.19 -9.57
Co_5_17_int5.xyz -13.29 7.28 -20.90 3.02 0.49 -7.34
Co_5_18_int5.xyz -15.16 -1.01 -10.58 6.20 -4.15 -6.03
Co_5_19_int5.xyz -13.58 4.31 -22.06 6.36 2.44 -8.20
Co_5_20_int5.xyz -15.86 9.20 -18.62 2.18 -0.37 -7.27
Co_5_21_int5.xyz -8.22 5.49 -23.66 1.99 0.03 -6.36
Co_5_22_int5.xyz -0.75 -2.08 -10.09 -5.02 -3.95 -8.86
Co_6_0_int5.xyz -11.44 6.89 -23.24 3.42 0.59 -6.96
Co_6_1_int5.xyz -4.63 0.69 -20.56 5.81 -6.13 -5.92
Co_6_2_int5.xyz -0.90 -3.56 -14.30 -2.48 -5.15 -4.36
Co_6_3_int5.xyz 3.39 2.56 -26.30 3.66 -2.13 -11.93
Co_6_4_int5.xyz -11.61 -1.72 -13.37 3.91 -0.78 -7.18
Co_6_5_int5.xyz -13.42 10.06 -27.16 7.60 2.23 -10.05
Co_6_6_int5.xyz -11.29 4.74 -18.41 6.28 -3.28 -8.78
Co_6_7_int5.xyz 5.63 7.18 -14.72 -8.85 1.24 -21.23
Co_6_8_int5.xyz -3.77 -6.01 -18.31 9.07 -3.43 -8.28
Co_6_9_int5.xyz -6.43 -0.47 -16.84 3.66 0.57 -11.23
Co_6_10_int5.xyz -8.60 0.16 -19.53 -0.20 1.15 -3.72
Co_6_11_int5.xyz -7.85 5.65 -21.57 -0.98 3.78 -9.76
Co_6_12_int5.xyz -11.71 4.92 -26.43 3.27 0.77 -1.56
Co_6_13_int5.xyz 2.24 -5.37 -19.17 2.38 -1.38 -9.43
Co_6_14_int5.xyz -12.15 11.43 -31.20 13.61 -9.24 -3.18
Co_6_15_int5.xyz 19.00 -9.10 -29.20 2.86 11.22 -25.52
Co_6_16_int5.xyz -11.80 2.95 -25.19 7.70 1.16 -5.56
Co_6_17_int5.xyz -14.49 3.78 -19.89 3.10 7.03 -10.27
Co_6_18_int5.xyz -15.11 6.14 -27.07 6.75 -1.66 0.21
Co_6_19_int5.xyz -12.33 12.56 -28.14 9.09 -5.81 -6.11
Co_6_20_int5.xyz -11.28 1.84 -24.31 13.76 -5.24 -5.51
Co_6_21_int5.xyz -2.96 0.34 -21.03 2.84 -7.43 -2.50
Co_6_22_int5.xyz -8.09 4.89 -15.83 -6.39 5.02 -10.34
Co_7_0_int5.xyz -6.35 1.56 -24.28 7.37 -1.10 -7.94
Co_7_1_int5.xyz -0.28 1.17 -14.81 -8.62 4.86 -13.06
Co_7_2_int5.xyz -6.21 -4.83 -16.91 0.30 6.34 -9.42
Co_7_3_int5.xyz 17.65 -5.70 -12.81 -12.02 9.34 -27.21
Co_7_4_int5.xyz -11.83 10.16 -18.05 -2.41 -3.14 -5.46
Co_7_5_int5.xyz -3.04 6.03 -18.90 -9.80 3.38 -8.41
Co_7_6_int5.xyz -3.35 2.74 -15.35 4.40 -10.01 -9.18
Co_7_8_int5.xyz 9.71 -9.69 -7.17 -3.41 -2.13 -18.05
Co_7_9_int5.xyz 5.38 -5.82 -14.62 0.79 -0.65 -15.82
Co_7_10_int5.xyz -2.29 5.30 -17.34 -1.59 -1.18 -13.65
Co_7_11_int5.xyz 5.30 -4.02 -19.28 -5.85 7.59 -14.47
Co_7_12_int5.xyz 1.69 6.24 -22.77 0.23 -3.84 -12.30
Co_7_14_int5.xyz 3.08 2.19 -22.77 -3.27 -2.30 -7.67
Co_7_16_int5.xyz 1.38 3.39 -25.63 1.74 4.08 -15.70
Co_7_17_int5.xyz -0.67 0.17 -16.95 -1.30 3.19 -15.17
Co_7_18_int5.xyz -2.91 4.60 -20.25 -1.39 2.73 -13.51
Co_7_21_int5.xyz 7.88 -0.81 -18.21 -2.50 4.18 -21.28
Co_7_22_int5.xyz 3.69 1.82 -22.52 -3.38 1.51 -11.86
Co_8_0_int5.xyz -12.43 5.50 -24.81 5.28 0.89 -5.16
Co_8_1_int5.xyz -6.76 -0.75 -24.33 6.36 1.84 -7.11
Co_8_2_int5.xyz 0.08 -3.37 -13.29 -6.92 2.19 -9.43
Co_8_3_int5.xyz -7.35 0.18 -24.34 7.13 5.90 -12.25
Co_8_4_int5.xyz -11.93 1.35 -18.99 9.02 -2.16 -8.03
Co_8_5_int5.xyz -10.04 8.65 -17.51 -6.63 6.09 -11.29
Co_8_6_int5.xyz -12.05 10.43 -29.33 11.04 -4.16 -6.66
Co_8_7_int5.xyz 15.45 -4.39 -9.87 -19.88 25.68 -37.73
Co_8_8_int5.xyz -10.36 3.40 -22.27 4.11 2.59 -8.21
Co_8_9_int5.xyz -9.49 2.05 -16.21 2.59 -2.52 -7.17
Co_8_10_int5.xyz -9.68 2.35 -20.81 5.01 1.23 -8.84
Co_8_11_int5.xyz -10.58 2.12 -18.18 0.49 4.37 -8.96
Co_8_12_int5.xyz -10.00 7.80 -27.41 5.03 0.86 -7.02
Co_8_13_int5.xyz 0.77 1.06 -18.21 0.35 8.26 -22.96
Co_8_14_int5.xyz -11.00 8.91 -28.90 7.43 -1.09 -6.09
Co_8_15_int5.xyz 8.81 -0.56 -19.44 -0.06 8.61 -28.10
Co_8_16_int5.xyz -11.86 6.57 -19.40 -0.69 -0.28 -5.07
Co_8_17_int5.xyz -15.20 13.32 -31.38 11.29 -1.53 -7.25
Co_8_18_int5.xyz -13.37 4.07 -22.30 2.63 5.76 -7.52
Co_8_19_int5.xyz -13.30 6.77 -21.26 5.46 -2.82 -5.59
Co_8_20_int5.xyz -5.37 2.28 -24.85 8.40 -1.20 -10.00
Co_8_21_int5.xyz -11.20 -1.94 -18.40 -2.81 10.24 -6.64
Co_8_22_int5.xyz -8.00 2.16 -21.76 -1.25 4.85 -6.75
Co_9_0_int5.xyz -12.46 5.21 -21.00 0.90 3.48 -6.86
Co_9_1_int5.xyz -3.90 0.58 -23.49 0.06 4.59 -8.59
Co_9_2_int5.xyz -3.96 2.50 -16.22 -4.10 0.90 -9.87
Co_9_3_int5.xyz -1.60 2.03 -16.56 -2.80 -2.01 -9.81
Co_9_4_int5.xyz -10.88 2.53 -20.58 2.54 1.86 -6.21
Co_9_5_int5.xyz -12.15 7.83 -21.71 0.92 -0.03 -5.60
Co_9_6_int5.xyz 2.72 -2.87 -30.26 1.44 4.63 -6.40
Co_9_8_int5.xyz -11.56 8.86 -28.13 3.00 4.04 -6.94
Co_9_9_int5.xyz -9.96 7.44 -23.88 5.26 -4.08 -5.52
Co_9_10_int5.xyz -11.32 8.11 -20.13 -5.20 3.95 -6.16
Co_9_11_int5.xyz -10.88 10.44 -28.96 7.78 -0.67 -8.45
Co_9_12_int5.xyz -11.75 2.99 -21.42 3.02 3.23 -6.81
Co_9_13_int5.xyz -4.27 2.56 -19.24 6.27 -2.10 -13.95
Co_9_14_int5.xyz -10.70 9.26 -27.99 3.88 1.24 -6.43
Co_9_15_int5.xyz 0.61 -4.60 -19.40 0.60 12.70 -20.65
Co_9_16_int5.xyz -8.74 3.00 -19.31 -1.55 4.14 -8.27
Co_9_17_int5.xyz -15.96 11.74 -26.80 1.20 6.61 -7.52
Co_9_18_int5.xyz -14.21 12.06 -23.51 4.91 -3.09 -6.89
Co_9_19_int5.xyz -14.16 7.60 -15.92 -4.80 1.15 -4.61
Co_9_20_int5.xyz -9.94 3.28 -19.91 6.29 -3.55 -6.90
Co_9_21_int5.xyz -10.90 3.99 -12.13 -2.68 -4.29 -4.73
Co_9_22_int5.xyz 4.96 -4.75 -13.42 -6.23 3.87 -15.17
Co_10_0_int5.xyz -12.91 7.17 -23.75 1.99 3.78 -7.02
Co_10_1_int5.xyz -7.16 0.39 -23.69 4.14 0.41 -4.82
Co_10_2_int5.xyz -6.68 5.01 -18.91 -2.59 0.94 -8.52
Co_10_3_int5.xyz 2.93 3.34 -17.35 -1.40 5.68 -23.94
Co_10_4_int5.xyz -12.47 6.49 -26.79 9.16 -2.73 -4.39
Co_10_5_int5.xyz -9.46 0.63 -15.97 6.38 -3.81 -8.51
Co_10_6_int5.xyz -7.06 2.12 -19.88 9.07 -7.38 -7.60
Co_10_8_int5.xyz -10.58 8.93 -26.23 1.48 2.98 -7.32
Co_10_9_int5.xyz -9.77 9.83 -26.05 3.59 2.86 -11.20
Co_10_10_int5.xyz -11.18 3.35 -21.48 4.98 0.59 -7.00
Co_10_11_int5.xyz -11.34 9.46 -27.70 5.11 0.46 -6.74
Co_10_12_int5.xyz -9.77 3.90 -23.25 8.32 -1.95 -8.00
Co_10_13_int5.xyz -2.96 7.80 -18.47 -4.57 6.98 -19.52
Co_10_14_int5.xyz -10.84 8.48 -27.55 5.12 5.72 -11.66
Co_10_15_int5.xyz 7.65 -4.66 -14.94 -4.01 15.72 -30.50
Co_10_16_int5.xyz -11.73 8.90 -17.08 -7.58 5.33 -8.57
Co_10_17_int5.xyz -14.41 7.83 -20.32 -0.17 -0.40 -3.28
Co_10_18_int5.xyz -17.40 5.35 -15.68 -1.34 1.26 -2.92
Co_10_19_int5.xyz -13.30 1.66 -17.53 5.82 -2.38 -5.02
Co_10_20_int5.xyz -10.04 5.80 -21.21 4.08 -2.15 -7.21
Co_10_21_int5.xyz -9.89 9.38 -21.55 2.20 -5.79 -5.09
Co_10_22_int5.xyz 0.54 -6.10 -10.67 -8.09 3.15 -9.57
Co_11_0_int5.xyz -13.67 8.55 -27.17 7.46 1.95 -7.85
Co_11_1_int5.xyz -5.13 -0.01 -20.86 4.76 -2.36 -7.14
Co_11_2_int5.xyz -4.92 6.85 -18.28 -7.24 3.15 -10.31
Co_11_3_int5.xyz -3.58 -4.55 -11.58 -0.77 0.57 -10.83
Co_11_4_int5.xyz -13.20 2.55 -22.60 2.76 6.23 -6.48
Co_11_5_int5.xyz -7.81 4.34 -18.79 -1.41 1.94 -9.00
Co_11_6_int5.xyz -12.49 6.48 -21.40 3.23 -0.52 -6.05
Co_11_7_int5.xyz 10.28 -12.85 2.71 -19.44 7.89 -19.33
Co_11_8_int5.xyz -10.33 8.78 -27.73 6.17 0.01 -7.64
Co_11_9_int5.xyz -10.37 8.60 -26.28 7.47 0.70 -10.85
Co_11_10_int5.xyz -10.63 10.82 -23.30 -2.92 4.72 -9.44
Co_11_11_int5.xyz -10.81 1.99 -20.25 1.58 5.90 -9.15
Co_11_12_int5.xyz -10.49 11.26 -25.98 -0.64 2.90 -7.80
Co_11_13_int5.xyz 3.04 -1.01 -17.21 2.39 3.98 -21.94
Co_11_14_int5.xyz -11.39 12.33 -29.81 2.29 5.12 -9.30
Co_11_15_int5.xyz 7.10 -4.05 -17.54 16.66 -13.48 -19.44
Co_11_16_int5.xyz -13.34 5.86 -20.94 5.69 -2.82 -5.19
Co_11_17_int5.xyz -16.62 3.34 -17.28 -4.01 12.79 -8.95
Co_11_18_int5.xyz -11.49 14.58 -26.98 -3.04 3.02 -6.83
Co_11_19_int5.xyz -12.37 1.50 -13.56 1.57 2.60 -10.48
Co_11_20_int5.xyz -13.92 8.93 -22.33 7.91 -5.47 -5.86
Co_11_21_int5.xyz -9.73 7.99 -17.15 -1.31 -3.12 -7.43
Co_11_22_int5.xyz 2.87 -6.60 -20.04 1.35 4.46 -12.79
Co_12_0_int5.xyz -13.06 5.29 -22.82 -0.64 4.10 -3.62
Co_12_1_int5.xyz -10.04 5.19 -20.05 -2.57 5.64 -8.91
Co_12_2_int5.xyz -3.81 2.27 -18.59 2.84 -0.42 -13.03
Co_12_3_int5.xyz 4.00 -2.68 -22.77 2.93 -0.50 -11.72
Co_12_4_int5.xyz -12.72 4.78 -23.53 2.08 5.30 -6.65
Co_12_5_int5.xyz -12.12 9.78 -19.92 -1.75 1.25 -7.98
Co_12_6_int5.xyz -7.02 0.14 -18.82 -0.36 2.23 -6.91
Co_12_7_int5.xyz 15.52 -0.02 -16.51 -11.10 10.37 -29.00
Co_12_8_int5.xyz -10.46 8.89 -27.92 4.08 1.40 -6.72
Co_12_9_int5.xyz -9.98 2.50 -21.75 3.88 2.32 -7.72
Co_12_10_int5.xyz -11.01 2.43 -16.61 1.29 0.39 -7.22
Co_12_11_int5.xyz -11.12 10.32 -22.50 -5.42 5.28 -7.30
Co_12_12_int5.xyz -10.96 9.86 -29.40 8.89 -2.62 -6.50
Co_12_13_int5.xyz -1.69 -4.51 -4.38 -10.58 6.07 -15.64
Co_12_14_int5.xyz -7.20 -0.13 -22.51 3.07 5.33 -9.30
Co_12_15_int5.xyz 8.11 -6.26 -11.88 -12.98 11.74 -19.48
Co_12_16_int5.xyz -12.62 8.04 -25.81 2.19 4.22 -6.76
Co_12_17_int5.xyz -13.16 6.00 -18.39 5.90 -7.60 -3.49
Co_12_18_int5.xyz -12.40 -1.94 -13.48 3.16 -4.37 -1.70
Co_12_19_int5.xyz -17.11 9.38 -27.58 10.96 -4.07 -2.31
Co_12_20_int5.xyz -6.43 -2.70 -13.97 1.58 3.36 -12.59
Co_12_21_int5.xyz -11.08 2.12 -17.65 5.68 -0.13 -9.68
Co_12_22_int5.xyz 1.09 -3.97 -22.58 -1.13 7.07 -11.22
Co_13_0_int5.xyz -4.06 -3.94 -17.23 -2.32 3.40 -6.59
Co_13_1_int5.xyz -10.81 6.29 -13.55 -11.79 9.05 -9.93
Co_13_2_int5.xyz 3.76 -3.66 -23.09 0.36 4.28 -12.38
Co_13_4_int5.xyz -10.44 2.87 -18.66 3.99 2.15 -10.64
Co_13_5_int5.xyz -11.94 0.05 -5.87 -9.93 8.69 -11.74
Co_13_6_int5.xyz -4.03 4.61 -11.47 -4.23 3.11 -18.74
Co_13_8_int5.xyz -10.09 -1.73 -17.03 0.37 5.44 -7.70
Co_13_9_int5.xyz -4.89 3.24 -21.45 1.32 3.65 -12.60
Co_13_10_int5.xyz -1.41 0.68 -16.66 1.96 1.82 -17.14
Co_13_11_int5.xyz -6.31 0.97 -19.72 1.88 5.18 -12.74
Co_13_12_int5.xyz -3.82 0.99 -22.24 0.26 7.87 -13.80
Co_13_13_int5.xyz 5.26 -6.51 -9.04 -0.76 4.59 -24.28
Co_13_14_int5.xyz -0.61 -0.68 -19.07 -3.55 5.96 -12.79
Co_13_16_int5.xyz -8.88 8.06 -22.35 -0.92 1.35 -8.01
Co_13_17_int5.xyz -13.31 4.59 -11.88 -9.89 9.53 -9.78
Co_13_18_int5.xyz -11.35 6.52 -22.16 5.30 -1.98 -7.07
Co_13_19_int5.xyz -9.34 11.57 -22.82 1.70 0.55 -12.40
Co_13_20_int5.xyz -3.81 3.12 -20.10 6.10 -2.84 -13.21
Co_13_21_int5.xyz -6.68 1.14 -13.73 -6.20 4.72 -9.99
Co_13_22_int5.xyz 1.75 -1.91 -12.10 -0.90 -3.19 -14.38
Co_14_0_int5.xyz -13.53 6.03 -24.09 4.61 1.37 -5.12
Co_14_1_int5.xyz -10.34 6.53 -18.27 -1.42 -0.54 -6.71
Co_14_2_int5.xyz -8.30 6.82 -22.91 1.65 6.82 -14.82
Co_14_3_int5.xyz -3.08 3.05 -12.90 -6.50 5.15 -16.45
Co_14_4_int5.xyz -11.83 5.59 -20.36 -0.73 5.05 -8.47
Co_14_5_int5.xyz -6.01 2.64 -17.91 -5.41 5.18 -9.24
Co_14_6_int5.xyz -9.83 2.83 -17.30 4.33 -3.56 -7.21
Co_14_7_int5.xyz 7.95 1.26 -18.32 -8.18 5.55 -19.00
Co_14_8_int5.xyz -9.35 9.19 -28.06 7.52 1.81 -11.84
Co_14_9_int5.xyz -9.50 8.48 -25.37 2.40 0.92 -7.66
Co_14_10_int5.xyz -9.03 2.06 -22.93 8.55 1.70 -11.09
Co_14_11_int5.xyz -11.18 1.07 -20.04 6.23 1.75 -8.57
Co_14_12_int5.xyz -8.35 7.76 -27.43 7.09 0.36 -10.16
Co_14_13_int5.xyz 5.80 -8.23 -11.83 0.48 -3.38 -13.58
Co_14_14_int5.xyz -10.05 9.62 -24.11 0.80 1.00 -8.01
Co_14_16_int5.xyz -10.56 6.59 -18.97 -1.51 2.61 -8.90
Co_14_17_int5.xyz -12.76 4.40 -19.52 1.48 4.84 -9.17
Co_14_18_int5.xyz -11.93 6.92 -21.47 2.39 -0.71 -5.94
Co_14_19_int5.xyz -13.69 9.73 -23.16 -1.01 2.69 -5.29
Co_14_20_int5.xyz -7.27 6.47 -24.07 6.78 -4.51 -8.15
Co_14_21_int5.xyz -10.93 8.15 -23.72 2.51 2.83 -9.59
Co_14_22_int5.xyz -4.27 0.99 -13.74 -5.04 3.45 -12.13
Co_15_0_int5.xyz -15.15 4.46 -21.40 2.70 6.51 -7.86
Co_15_1_int5.xyz -6.33 2.02 -17.06 -6.42 4.23 -7.19
Co_15_2_int5.xyz -10.40 11.05 -21.03 -6.14 1.50 -5.71
Co_15_4_int5.xyz -16.72 1.19 -19.69 4.44 -5.08 5.12
Co_15_5_int5.xyz -3.44 4.62 -18.93 -0.89 8.19 -20.30
Co_15_6_int5.xyz 1.19 -1.38 -14.83 2.22 1.52 -19.46
Co_15_8_int5.xyz -7.87 4.92 -23.53 7.36 -2.50 -9.12
Co_15_9_int5.xyz -1.63 -1.09 -17.54 -6.26 8.50 -12.72
Co_15_10_int5.xyz -7.98 3.97 -15.69 -1.64 1.54 -10.93
Co_15_11_int5.xyz -1.32 -3.72 -16.29 0.65 4.41 -14.47
Co_15_12_int5.xyz -4.69 3.93 -11.11 -5.51 -0.50 -12.86
Co_15_13_int5.xyz 10.64 -20.65 -1.77 -6.84 4.51 -16.63
Co_15_16_int5.xyz -14.54 11.73 -22.48 -2.11 -0.56 -2.77
Co_15_17_int5.xyz -7.20 2.62 -18.67 9.06 -7.74 -8.81
Co_15_18_int5.xyz -10.20 3.48 -19.23 9.14 -3.86 -10.07
Co_15_19_int5.xyz -9.25 8.53 -20.14 12.39 -10.37 -11.90
Co_15_20_int5.xyz -2.38 3.45 -24.67 4.25 -4.02 -7.38
Co_15_21_int5.xyz -2.58 -1.72 -7.44 -7.01 13.63 -25.62
Co_15_22_int5.xyz 10.98 -9.75 -15.44 -1.78 -0.24 -14.50
Co_16_0_int5.xyz -11.10 0.86 -14.22 -0.10 -0.44 -5.73
Co_16_1_int5.xyz -4.32 6.57 -20.46 -5.75 0.03 -6.81
Co_16_2_int5.xyz -1.73 2.52 -17.05 -5.12 0.14 -9.50
Co_16_3_int5.xyz -1.01 5.19 -17.33 -1.48 -0.09 -16.02
Co_16_4_int5.xyz -12.57 7.67 -22.30 3.18 -0.11 -6.61
Co_16_5_int5.xyz -8.77 4.87 -27.15 6.70 1.21 -7.61
Co_16_6_int5.xyz -5.79 0.73 -12.45 0.67 -1.76 -12.15
Co_16_7_int5.xyz 14.68 -8.28 -7.62 -13.14 2.05 -18.44
Co_16_8_int5.xyz -10.64 11.25 -28.46 7.47 -0.84 -9.54
Co_16_9_int5.xyz -6.29 3.24 -18.79 -3.59 6.24 -11.56
Co_16_10_int5.xyz -11.14 5.39 -17.27 -2.99 2.32 -7.04
Co_16_11_int5.xyz -9.12 6.76 -25.47 6.84 1.81 -11.56
Co_16_12_int5.xyz -8.42 7.13 -22.77 2.99 -2.99 -6.68
Co_16_13_int5.xyz -1.50 0.64 -12.07 0.74 -1.32 -17.24
Co_16_14_int5.xyz -13.84 1.43 -16.13 2.80 -2.92 -2.07
Co_16_16_int5.xyz -15.88 9.94 -23.74 1.82 6.28 -9.17
Co_16_17_int5.xyz -12.69 8.15 -27.12 4.61 4.07 -7.75
Co_16_18_int5.xyz -14.75 13.58 -21.68 -2.70 1.71 -6.89
Co_16_19_int5.xyz -14.71 0.59 -13.63 9.40 -4.73 -7.65
Co_16_20_int5.xyz -15.55 10.82 -23.53 4.87 -1.39 -5.96
Co_16_21_int5.xyz -1.24 -1.66 -11.61 0.50 1.01 -17.74
Co_16_22_int5.xyz -2.38 -0.14 -18.01 2.21 1.50 -13.93
Co_17_0_int5.xyz -11.33 4.14 -23.32 6.01 -1.26 -4.99
Co_17_1_int5.xyz -9.11 1.87 -18.30 2.47 -3.82 -3.86
Co_17_2_int5.xyz -3.73 0.09 -15.97 -1.70 0.93 -10.35
Co_17_3_int5.xyz -7.30 2.09 -11.91 -7.16 -1.03 -5.43
Co_17_4_int5.xyz -9.53 7.43 -21.61 -1.22 4.45 -10.27
Co_17_5_int5.xyz -9.77 -2.45 -10.70 -8.67 7.24 -6.38
Co_17_6_int5.xyz -5.58 -2.67 -21.50 3.67 6.40 -11.06
Co_17_7_int5.xyz 13.83 -5.70 -10.96 -3.65 -4.05 -20.21
Co_17_8_int5.xyz -7.12 -0.11 -21.41 10.24 -4.83 -7.50
Co_17_9_int5.xyz -11.23 1.33 -16.15 2.49 -3.38 -3.79
Co_17_10_int5.xyz -9.50 1.64 -18.48 0.99 3.38 -8.77
Co_17_11_int5.xyz -10.51 2.56 -19.82 3.64 0.78 -7.39
Co_17_12_int5.xyz -11.16 8.58 -26.63 6.06 -3.80 -3.79
Co_17_13_int5.xyz -2.62 3.14 -14.90 -4.59 6.70 -18.48
Co_17_14_int5.xyz -10.49 4.82 -19.10 1.15 3.84 -10.96
Co_17_15_int5.xyz 1.38 -4.50 -14.56 -4.67 12.63 -21.03
Co_17_16_int5.xyz -12.80 5.48 -20.45 6.79 0.06 -9.81
Co_17_17_int5.xyz -18.89 9.36 -25.36 1.26 11.06 -8.16
Co_17_18_int5.xyz -18.27 6.35 -25.60 11.30 1.46 -5.98
Co_17_19_int5.xyz -15.57 11.95 -27.69 10.16 -1.41 -8.17
Co_17_20_int5.xyz -13.41 7.17 -16.65 5.43 -4.74 -8.54
Co_17_21_int5.xyz -3.06 2.67 -16.22 -4.16 -1.19 -8.78
Co_17_22_int5.xyz -1.34 0.47 -2.77 -15.26 0.12 -11.96
Co_18_0_int5.xyz -8.76 5.18 -19.85 -4.79 3.40 -5.92
Co_18_1_int5.xyz -5.94 5.02 -18.37 0.82 -2.61 -9.65
Co_18_2_int5.xyz 0.71 -6.71 -11.49 -4.35 0.60 -9.50
Co_18_3_int5.xyz 2.23 1.20 -12.91 -3.37 -4.45 -13.45
Co_18_4_int5.xyz -13.72 10.56 -22.70 7.40 -2.85 -9.43
Co_18_5_int5.xyz -6.19 -1.75 -15.77 0.56 -0.27 -7.32
Co_18_6_int5.xyz -7.56 4.09 -20.85 0.30 3.76 -10.48
Co_18_7_int5.xyz 11.82 4.61 -22.56 -5.50 3.53 -22.65
Co_18_8_int5.xyz -8.27 -1.28 -18.71 5.07 -3.54 -4.02
Co_18_9_int5.xyz -10.21 -0.57 -15.97 -0.37 0.75 -4.37
Co_18_10_int5.xyz -12.60 10.71 -28.06 5.22 -2.09 -3.92
Co_18_11_int5.xyz -8.47 1.39 -17.66 4.23 -0.90 -9.34
Co_18_12_int5.xyz -7.41 -1.22 -20.53 4.08 2.74 -8.41
Co_18_13_int5.xyz -3.68 7.11 -9.52 -9.61 -4.51 -10.53
Co_18_14_int5.xyz -12.39 8.58 -18.83 2.13 -4.07 -6.16
Co_18_15_int5.xyz -2.09 -8.55 -14.50 1.13 12.29 -19.01
Co_18_16_int5.xyz -15.09 3.26 -18.53 7.17 -2.20 -5.35
Co_18_17_int5.xyz -13.61 -0.18 -16.27 -0.94 10.04 -9.77
Co_18_18_int5.xyz -17.20 12.65 -26.63 2.41 2.32 -4.28
Co_18_19_int5.xyz -17.38 11.44 -19.20 -4.62 4.53 -5.50
Co_18_20_int5.xyz -9.74 15.63 -28.11 3.03 0.50 -12.06
Co_18_21_int5.xyz -7.13 2.78 -14.50 -5.76 3.15 -9.28
Co_18_22_int5.xyz -1.64 5.24 -16.91 -3.73 2.22 -15.92
Co_19_0_int5.xyz -13.74 3.33 -23.76 8.66 -5.11 -0.11
Co_19_1_int5.xyz -4.15 -0.99 -15.18 1.65 -3.85 -8.22
Co_19_2_int5.xyz 1.03 -0.55 -19.01 -3.31 0.86 -9.76
Co_19_3_int5.xyz -1.46 -0.17 -14.79 -2.69 3.01 -14.64
Co_19_4_int5.xyz -10.57 7.38 -24.71 4.16 1.79 -8.79
Co_19_5_int5.xyz -6.63 5.03 -22.94 1.88 0.46 -8.54
Co_19_6_int5.xyz -3.00 -0.23 -23.50 2.12 3.85 -9.97
Co_19_8_int5.xyz -10.64 7.84 -25.26 5.89 -1.44 -7.13
Co_19_9_int5.xyz -8.87 9.85 -28.33 7.49 -5.55 -5.32
Co_19_10_int5.xyz -8.27 -0.37 -10.99 -4.39 2.16 -8.87
Co_19_11_int5.xyz -8.27 6.12 -22.00 5.31 0.24 -12.14
Co_19_12_int5.xyz -9.47 5.77 -23.52 7.32 0.95 -11.79
Co_19_13_int5.xyz -5.91 3.43 -17.27 -1.83 -1.91 -7.24
Co_19_14_int5.xyz -10.44 2.06 -18.88 1.73 -1.34 -3.88
Co_19_15_int5.xyz -1.22 1.10 -18.34 -1.51 1.43 -12.20
Co_19_16_int5.xyz -13.74 8.47 -26.01 0.80 4.35 -4.61
Co_19_17_int5.xyz -14.20 -0.71 -18.84 10.30 -0.67 -6.63
Co_19_18_int5.xyz -10.38 7.93 -24.57 4.73 -0.04 -8.42
Co_19_19_int5.xyz -17.43 9.07 -20.26 -0.69 9.78 -11.21
Co_19_20_int5.xyz -11.88 5.82 -25.06 11.64 -5.64 -5.62
Co_19_21_int5.xyz -10.04 2.07 -17.89 0.68 1.80 -7.36
Co_19_22_int5.xyz -2.04 0.21 -13.04 -5.46 8.63 -19.04
Co_20_0_int5.xyz -10.33 4.65 -19.80 1.53 -0.33 -6.46
Co_20_1_int5.xyz -7.41 3.75 -22.51 0.53 1.13 -6.24
Co_20_2_int5.xyz -1.36 -4.94 -15.72 0.38 9.24 -18.34
Co_20_3_int5.xyz -0.70 1.77 -8.91 -6.81 -0.94 -15.16
Co_20_4_int5.xyz -11.71 8.56 -29.67 -0.11 6.36 -4.17
Co_20_5_int5.xyz -6.79 -4.82 -14.61 -0.85 9.47 -13.15
Co_20_6_int5.xyz -8.87 5.02 -14.25 -5.48 2.06 -9.22
Co_20_7_int5.xyz 6.23 -3.95 -7.93 -2.83 -3.37 -18.88
Co_20_8_int5.xyz -8.88 0.77 -21.03 6.35 0.25 -8.19
Co_20_9_int5.xyz -8.08 5.74 -22.89 2.37 -1.77 -6.11
Co_20_10_int5.xyz -8.48 10.97 -29.60 5.62 -5.36 -3.90
Co_20_11_int5.xyz -10.85 8.33 -23.16 1.47 0.24 -6.78
Co_20_12_int5.xyz -11.47 2.31 -13.64 -4.54 3.16 -6.57
Co_20_13_int5.xyz -7.55 3.23 -17.43 0.26 2.90 -12.15
Co_20_14_int5.xyz -10.31 5.04 -22.48 10.19 -11.11 -2.08
Co_20_15_int5.xyz 4.96 5.34 -13.19 -7.92 -2.90 -17.04
Co_20_16_int5.xyz -15.11 8.66 -22.95 4.19 -0.12 -5.41
Co_20_17_int5.xyz -14.29 9.24 -23.60 7.64 -1.74 -7.99
Co_20_18_int5.xyz -10.89 3.40 -21.80 -2.42 14.65 -13.67
Co_20_19_int5.xyz -14.36 1.60 -14.72 8.25 -3.71 -7.78
Co_20_20_int5.xyz -4.29 0.95 -21.05 10.11 -5.30 -11.17
Co_20_21_int5.xyz -7.69 2.72 -14.09 -6.60 3.43 -8.51
Co_21_0_int5.xyz -12.16 5.08 -18.93 -0.36 -1.25 -3.13
Co_21_1_int5.xyz -8.68 5.27 -17.62 0.05 -5.49 -4.28
Co_21_2_int5.xyz 0.72 -5.47 -19.42 4.41 -0.14 -10.85
Co_21_3_int5.xyz 2.93 -4.76 -12.97 -6.49 3.41 -12.86
Co_21_4_int5.xyz -8.14 2.61 -16.91 -2.69 -1.03 -4.57
Co_21_5_int5.xyz -10.38 2.15 -16.35 2.99 -4.24 -4.93
Co_21_6_int5.xyz -5.26 8.29 -27.25 11.75 -12.83 -5.44
Co_21_8_int5.xyz -7.20 4.76 -23.79 3.02 1.46 -9.00
Co_21_9_int5.xyz -8.44 1.40 -19.24 -0.95 3.40 -6.93
Co_21_10_int5.xyz -6.58 2.84 -27.47 -1.21 7.60 -5.93
Co_21_11_int5.xyz -9.76 7.08 -20.44 -5.43 6.52 -8.72
Co_21_12_int5.xyz -8.41 2.96 -19.69 -1.98 3.73 -7.36
Co_21_13_int5.xyz 0.19 0.55 -14.97 -1.15 2.95 -18.31
Co_21_14_int5.xyz -13.32 4.60 -24.00 4.63 -2.81 0.16
Co_21_15_int5.xyz 11.93 -3.52 -18.62 -16.48 22.23 -26.28
Co_21_16_int5.xyz -15.60 9.91 -27.59 0.07 8.38 -5.92
Co_21_17_int5.xyz -14.27 8.94 -22.49 -1.34 3.69 -5.27
Co_21_18_int5.xyz -10.17 8.84 -22.63 1.94 4.03 -12.74
Co_21_19_int5.xyz -11.36 4.89 -10.41 -3.33 -4.01 -6.53
Co_21_20_int5.xyz -7.90 3.75 -14.56 -2.84 2.80 -11.98
Co_21_21_int5.xyz 1.46 -3.94 -13.78 -2.96 -3.62 -7.91
Co_21_22_int5.xyz 1.13 0.67 -13.77 -8.71 5.32 -15.38
Co_22_0_int5.xyz -6.73 -0.67 -23.01 4.55 0.57 -5.45
Co_22_1_int5.xyz -3.43 2.31 -10.78 -12.38 2.14 -8.61
Co_22_2_int5.xyz 7.36 -5.30 -11.67 -11.97 4.50 -13.66
Co_22_3_int5.xyz 0.28 1.50 -16.75 -2.97 -2.34 -10.45
Co_22_4_int5.xyz -10.21 2.62 -19.65 4.65 -4.59 -3.58
Co_22_5_int5.xyz -5.63 4.24 -24.57 7.53 -6.71 -5.60
Co_22_6_int5.xyz -6.53 5.55 -21.53 5.16 -5.13 -8.25
Co_22_8_int5.xyz -9.56 7.72 -22.03 -1.25 -0.55 -5.07
Co_22_9_int5.xyz -9.81 4.50 -22.68 2.01 3.56 -8.32
Co_22_10_int5.xyz -8.14 4.14 -21.46 1.59 2.00 -8.88
Co_22_11_int5.xyz -4.22 0.25 -16.98 -1.93 5.01 -12.87
Co_22_12_int5.xyz -7.71 2.76 -20.53 -4.26 6.14 -7.14
Co_22_13_int5.xyz 1.90 -4.30 -4.40 -10.94 11.46 -24.46
Co_22_14_int5.xyz -10.32 6.07 -18.34 -7.51 7.01 -7.65
Co_22_16_int5.xyz -9.36 0.18 -19.71 3.05 6.15 -11.04
Co_22_17_int5.xyz -9.64 10.05 -23.64 5.04 -2.56 -9.99
Co_22_18_int5.xyz -8.32 3.16 -11.96 -3.42 -1.26 -8.94
Co_22_19_int5.xyz -13.49 12.02 -28.98 6.32 -1.36 -5.26
Co_22_20_int5.xyz -9.32 10.50 -22.89 -5.56 4.82 -8.29
Co_22_21_int5.xyz 2.99 -8.23 -18.69 -0.04 5.29 -12.06
Co_22_22_int5.xyz -1.04 -1.74 -9.60 -2.89 -0.14 -15.32
Rh_0_0_int5.xyz -1.74 -4.53 -10.22 -7.20 2.96 -10.01
Rh_0_1_int5.xyz -0.08 -5.10 -10.33 -7.23 6.62 -14.62
Rh_0_2_int5.xyz -1.38 -4.34 -8.43 -11.64 6.75 -11.69
Rh_0_3_int5.xyz 4.65 -9.99 0.04 -13.86 6.26 -17.84
Rh_0_4_int5.xyz -1.13 -4.48 -11.84 -3.20 2.77 -12.87
Rh_0_5_int5.xyz 0.60 -4.40 -6.35 -7.27 1.38 -14.70
Rh_0_6_int5.xyz 3.79 -5.65 -17.12 -2.94 1.14 -9.95
Rh_0_7_int5.xyz 7.91 -11.71 -3.42 -9.04 2.89 -17.36
Rh_0_8_int5.xyz -2.17 -3.92 -9.59 -6.47 5.51 -14.11
Rh_0_9_int5.xyz -4.31 -4.59 -9.99 -8.32 7.51 -11.04
Rh_0_10_int5.xyz -3.07 -3.39 -10.08 -7.11 6.83 -13.92
Rh_0_11_int5.xyz -4.48 -3.54 -13.37 -3.31 4.69 -10.72
Rh_0_12_int5.xyz -1.69 -4.96 -7.39 -7.81 5.93 -14.82
Rh_0_13_int5.xyz 1.94 -8.82 -3.93 -10.32 11.65 -21.27
Rh_0_14_int5.xyz -2.50 -3.86 -10.88 -6.11 5.33 -12.72
Rh_0_15_int5.xyz 4.30 -14.04 0.75 -17.02 10.28 -15.01
Rh_0_16_int5.xyz -1.55 -2.90 -8.59 -12.48 8.88 -14.11
Rh_0_17_int5.xyz -3.09 1.36 -13.55 -6.20 11.41 -20.67
Rh_0_18_int5.xyz -0.12 -0.37 -10.69 -8.42 5.03 -16.17
Rh_0_19_int5.xyz -0.09 -4.30 -11.80 -7.10 9.02 -16.47
Rh_0_20_int5.xyz -3.47 1.19 -5.58 -11.96 7.31 -18.23
Rh_0_21_int5.xyz 3.86 -11.42 -5.56 -11.34 9.88 -16.15
Rh_0_22_int5.xyz 7.94 -11.78 -3.43 -12.48 4.54 -15.53
Rh_1_0_int5.xyz -0.90 -4.13 -11.52 -7.76 4.67 -11.10
Rh_1_1_int5.xyz 5.15 -9.18 -9.63 -8.42 4.86 -13.53
Rh_1_2_int5.xyz 1.68 -3.31 -8.34 -10.03 3.66 -14.40
Rh_1_3_int5.xyz 6.25 -9.53 -5.25 -10.54 7.79 -19.45
Rh_1_4_int5.xyz -0.83 -5.16 -11.73 -5.66 5.41 -12.77
Rh_1_5_int5.xyz 0.33 -1.04 -8.42 -8.20 -0.07 -13.34
Rh_1_6_int5.xyz 8.10 -5.36 -12.46 -5.95 -1.95 -13.11
Rh_1_7_int5.xyz 19.47 -10.95 -0.86 -13.52 -2.51 -22.37
Rh_1_8_int5.xyz -1.88 -5.67 -7.51 -8.76 7.81 -14.72
Rh_1_9_int5.xyz -3.13 -3.47 -6.21 -9.60 7.63 -15.96
Rh_1_10_int5.xyz -1.71 -5.50 -9.31 -5.74 6.21 -14.68
Rh_1_11_int5.xyz -1.26 -4.35 -10.52 -2.91 1.11 -12.81
Rh_1_12_int5.xyz -0.77 -3.68 -10.61 -8.16 5.89 -13.41
Rh_1_13_int5.xyz 11.23 -13.58 -2.62 -15.43 24.03 -34.38
Rh_1_14_int5.xyz -0.83 -4.44 -9.71 -6.95 7.56 -16.37
Rh_1_16_int5.xyz -1.93 -5.22 -4.10 -14.89 9.52 -14.12
Rh_1_17_int5.xyz 2.49 -7.62 -4.44 -5.45 6.81 -22.53
Rh_1_18_int5.xyz 3.84 -4.56 -8.66 -1.61 0.74 -20.48
Rh_1_19_int5.xyz -2.21 -4.12 -7.10 -5.12 2.86 -15.05
Rh_1_20_int5.xyz 2.67 -9.22 -3.11 -14.14 13.01 -19.94
Rh_1_21_int5.xyz 2.05 -4.61 -8.05 -10.87 9.67 -18.93
Rh_1_22_int5.xyz 9.54 -13.62 -4.53 -8.07 6.14 -20.20
Rh_2_0_int5.xyz 0.58 -6.68 -6.68 -8.86 3.43 -12.53
Rh_2_1_int5.xyz 6.35 -11.54 -5.54 -14.31 9.08 -14.78
Rh_2_2_int5.xyz 3.60 -4.65 -7.05 -9.75 6.05 -18.94
Rh_2_3_int5.xyz 0.78 -5.96 -3.80 -9.58 3.50 -15.68
Rh_2_4_int5.xyz -3.07 -3.57 -3.17 -10.66 8.08 -18.35
Rh_2_5_int5.xyz 4.34 -10.89 0.90 -16.15 9.43 -18.36
Rh_2_6_int5.xyz 5.63 -6.79 -9.38 -5.23 0.80 -15.75
Rh_2_7_int5.xyz 11.72 -9.34 -5.10 1.73 -3.08 -26.69
Rh_2_8_int5.xyz 2.11 -7.60 -5.83 -11.16 3.86 -12.12
Rh_2_9_int5.xyz 1.89 -6.77 -10.70 -10.60 6.66 -11.22
Rh_2_10_int5.xyz -1.46 -5.86 -9.57 -4.63 9.13 -18.35
Rh_2_11_int5.xyz -0.10 -5.35 -11.58 -4.53 10.07 -19.25
Rh_2_12_int5.xyz -0.41 -5.86 -7.56 -9.57 8.20 -15.54
Rh_2_13_int5.xyz 7.42 -9.34 -7.80 -4.33 9.08 -25.77
Rh_2_14_int5.xyz -3.32 0.25 -10.16 -11.70 18.54 -24.35
Rh_2_16_int5.xyz 0.09 -0.61 -12.25 -8.53 13.42 -22.86
Rh_2_17_int5.xyz -3.99 0.31 -7.09 -8.70 2.29 -13.55
Rh_2_18_int5.xyz -0.92 -1.97 -3.70 -14.72 8.59 -18.02
Rh_2_19_int5.xyz 1.21 -3.13 -4.09 -12.88 13.89 -25.75
Rh_2_20_int5.xyz 5.39 -10.15 1.26 -14.84 6.34 -18.74
Rh_2_21_int5.xyz 4.97 -6.21 4.45 -22.38 10.65 -22.22
Rh_2_22_int5.xyz 2.05 -3.91 -3.42 -10.74 12.44 -27.14
Rh_3_0_int5.xyz -0.72 -4.75 -6.64 -11.76 3.31 -10.18
Rh_3_1_int5.xyz 3.51 -6.97 -8.01 -11.82 7.69 -15.13
Rh_3_2_int5.xyz 5.71 -7.62 -8.74 -9.43 4.57 -15.23
Rh_3_3_int5.xyz 5.98 -6.41 -3.74 -13.71 3.12 -15.98
Rh_3_4_int5.xyz 0.26 -3.94 -12.08 -3.61 3.33 -14.70
Rh_3_5_int5.xyz 5.69 -7.68 -9.80 -7.45 2.55 -14.04
Rh_3_6_int5.xyz 2.90 -0.56 -12.46 -6.64 -1.50 -12.48
Rh_3_8_int5.xyz 0.93 1.36 -13.08 -5.88 3.44 -17.50
Rh_3_9_int5.xyz 4.65 -10.81 -9.04 -4.90 4.44 -15.08
Rh_3_10_int5.xyz 3.08 -4.38 -9.87 -11.70 8.30 -16.17
Rh_3_11_int5.xyz -0.44 -4.30 -8.39 -5.66 6.18 -18.14
Rh_3_12_int5.xyz 3.32 -6.38 -6.36 -6.65 7.23 -21.90
Rh_3_13_int5.xyz 10.10 -8.64 -0.77 -7.71 7.05 -30.77
Rh_3_14_int5.xyz 1.62 -6.52 -8.81 -9.42 12.23 -19.84
Rh_3_16_int5.xyz 0.27 -1.65 -13.41 -4.46 0.94 -12.42
Rh_3_17_int5.xyz 1.25 -0.39 -13.53 -3.70 3.38 -17.74
Rh_3_18_int5.xyz 0.93 -1.73 -6.07 -12.78 3.38 -14.47
Rh_3_19_int5.xyz 0.53 -1.61 -9.40 -11.43 10.77 -19.60
Rh_3_20_int5.xyz 3.71 -3.21 -0.56 -10.85 2.79 -22.61
Rh_3_21_int5.xyz 9.56 -17.39 3.33 -11.00 6.84 -22.07
Rh_3_22_int5.xyz 8.36 -2.30 -2.53 -17.25 4.24 -21.25
Rh_4_0_int5.xyz -3.86 -2.07 -10.71 -7.84 3.43 -9.68
Rh_4_1_int5.xyz 3.21 -7.97 -8.83 -6.74 2.54 -12.94
Rh_4_2_int5.xyz -2.43 -1.42 -8.41 -15.29 6.46 -9.63
Rh_4_3_int5.xyz 0.05 -2.05 -6.13 -10.69 4.01 -15.93
Rh_4_4_int5.xyz -2.06 -3.72 -6.95 -7.45 4.89 -15.45
Rh_4_5_int5.xyz 0.41 -7.97 -8.37 -7.32 5.26 -12.74
Rh_4_6_int5.xyz -1.61 0.00 -13.86 -7.36 7.46 -15.37
Rh_4_7_int5.xyz 11.99 -14.66 -2.49 -12.83 7.92 -20.67
Rh_4_8_int5.xyz -4.36 -2.65 -7.00 -7.90 2.02 -10.84
Rh_4_9_int5.xyz -3.68 -0.92 -7.29 -11.25 5.05 -12.64
Rh_4_10_int5.xyz -2.13 -5.06 -7.21 -6.98 2.17 -11.54
Rh_4_11_int5.xyz -3.07 -4.66 -8.26 -2.76 6.04 -18.01
Rh_4_12_int5.xyz -3.96 -3.54 -8.97 -7.67 5.37 -11.96
Rh_4_13_int5.xyz 5.15 -10.60 5.60 -23.39 14.36 -21.86
Rh_4_14_int5.xyz -1.51 -1.67 -12.37 -5.79 4.38 -13.77
Rh_4_16_int5.xyz -4.51 -3.31 -11.50 0.21 2.18 -13.81
Rh_4_17_int5.xyz -7.26 -1.81 -9.77 -3.99 6.38 -14.29
Rh_4_18_int5.xyz -3.64 -1.03 -13.17 -2.65 7.02 -17.27
Rh_4_19_int5.xyz -2.49 -4.12 -12.74 0.62 5.74 -17.76
Rh_4_20_int5.xyz -2.13 3.10 -11.30 -10.33 10.88 -20.96
Rh_4_21_int5.xyz 0.88 -7.05 -4.44 -5.92 0.03 -14.24
Rh_4_22_int5.xyz 9.77 -7.06 -1.74 -17.50 9.55 -23.75
Rh_5_0_int5.xyz -2.93 -3.36 -11.92 -6.85 2.88 -8.57
Rh_5_1_int5.xyz 0.19 -7.30 -3.83 -15.51 5.05 -9.34
Rh_5_2_int5.xyz 4.04 -8.12 -4.40 -12.58 3.65 -13.32
Rh_5_3_int5.xyz 6.28 -9.26 -1.04 -18.00 3.92 -12.65
Rh_5_4_int5.xyz -2.02 -2.50 -11.89 -6.38 9.42 -17.38
Rh_5_5_int5.xyz 2.90 -6.89 -8.81 -4.53 4.86 -18.26
Rh_5_6_int5.xyz -8.79 -3.53 -2.61 -15.22 10.52 -11.12
Rh_5_7_int5.xyz 13.27 -4.92 -1.13 -21.42 5.69 -22.23
Rh_5_8_int5.xyz -2.35 -3.01 -10.32 -6.48 2.87 -11.46
Rh_5_9_int5.xyz -4.17 -2.35 -8.30 -4.43 0.77 -12.25
Rh_5_10_int5.xyz -6.01 -1.51 -12.27 -3.11 2.03 -9.87
Rh_5_11_int5.xyz -3.74 -1.82 -12.41 -6.24 6.49 -13.01
Rh_5_12_int5.xyz -2.31 -0.70 -13.93 -5.06 6.93 -15.68
Rh_5_13_int5.xyz 8.14 -15.66 6.57 -21.81 9.13 -17.11
Rh_5_14_int5.xyz -0.03 -3.49 -8.55 -8.80 4.56 -14.43
Rh_5_16_int5.xyz -1.17 -0.19 -16.08 -0.44 4.47 -17.32
Rh_5_17_int5.xyz -5.34 -2.94 -5.50 -4.08 2.34 -15.22
Rh_5_18_int5.xyz -6.66 0.50 -10.11 -4.20 4.59 -14.86
Rh_5_19_int5.xyz -3.69 -1.19 -13.47 -4.42 9.95 -17.93
Rh_5_20_int5.xyz -3.89 -2.21 -6.89 -9.16 8.02 -16.61
Rh_5_21_int5.xyz -0.83 -3.28 -9.98 -10.00 6.14 -12.80
Rh_5_22_int5.xyz 7.19 -13.40 2.39 -16.17 5.20 -15.95
Rh_6_0_int5.xyz -3.27 -2.42 -9.75 -7.87 4.61 -12.03
Rh_6_1_int5.xyz 4.50 -7.61 -8.22 -4.61 -2.85 -11.95
Rh_6_2_int5.xyz 7.17 -12.97 -1.82 -14.19 2.04 -10.98
Rh_6_3_int5.xyz 11.20 -7.12 -12.92 -5.56 3.08 -19.43
Rh_6_4_int5.xyz -1.60 -4.78 -6.39 -8.13 7.16 -17.01
Rh_6_5_int5.xyz -2.06 -0.94 -12.42 -5.38 8.19 -18.12
Rh_6_6_int5.xyz -0.44 -2.34 -8.33 -5.24 3.94 -18.34
Rh_6_7_int5.xyz 10.46 -1.40 -1.90 -12.16 1.39 -27.13
Rh_6_8_int5.xyz 4.78 -11.59 -9.46 -4.18 5.28 -15.56
Rh_6_9_int5.xyz 1.94 -7.40 -6.96 -8.65 8.67 -18.35
Rh_6_10_int5.xyz -1.35 -7.58 -6.76 -7.48 2.94 -10.52
Rh_6_11_int5.xyz 2.22 -3.25 -8.36 -13.21 11.42 -19.55
Rh_6_12_int5.xyz -2.36 -6.45 -13.48 1.09 -0.53 -9.02
Rh_6_13_int5.xyz 7.03 -11.20 -8.22 -5.15 2.94 -16.14
Rh_6_14_int5.xyz -3.13 1.97 -17.58 -0.83 0.37 -11.54
Rh_6_15_int5.xyz 17.47 -14.45 -14.75 -7.67 14.49 -25.84
Rh_6_16_int5.xyz -0.68 -7.44 -12.33 -4.61 9.27 -14.94
Rh_6_17_int5.xyz -2.42 -0.39 -14.85 -8.19 14.67 -19.55
Rh_6_18_int5.xyz -7.37 1.03 -16.35 -5.79 7.35 -9.61
Rh_6_19_int5.xyz -4.13 2.83 -16.00 -2.01 1.40 -12.82
Rh_6_20_int5.xyz -1.85 -1.49 -16.15 2.03 1.78 -15.05
Rh_6_21_int5.xyz 4.86 -9.21 -5.52 -8.65 -3.05 -9.17
Rh_6_22_int5.xyz 0.44 -4.00 -3.31 -17.10 8.68 -15.44
Rh_7_0_int5.xyz 2.04 -7.78 -10.74 -3.04 3.43 -14.65
Rh_7_1_int5.xyz 6.47 -6.01 -2.90 -17.44 8.59 -19.45
Rh_7_2_int5.xyz 0.76 -12.21 -5.33 -8.67 10.74 -16.04
Rh_7_3_int5.xyz 23.41 -12.92 -0.28 -23.09 15.38 -33.24
Rh_7_4_int5.xyz -3.55 0.94 -6.00 -13.23 2.18 -11.09
Rh_7_5_int5.xyz 4.35 -1.63 -7.64 -17.56 7.24 -15.50
Rh_7_6_int5.xyz 1.56 -4.60 -3.01 -7.53 -2.12 -15.03
Rh_7_8_int5.xyz 15.99 -15.55 0.58 -13.87 5.65 -23.55
Rh_7_9_int5.xyz 14.67 -13.75 -5.78 -11.83 8.87 -22.92
Rh_7_10_int5.xyz 3.42 -1.46 -6.87 -12.26 5.09 -18.66
Rh_7_11_int5.xyz 10.06 -12.19 -5.75 -10.50 7.94 -20.30
Rh_7_12_int5.xyz 7.08 -1.30 -10.69 -9.12 1.87 -18.58
Rh_7_14_int5.xyz 7.11 -12.83 -1.41 -15.40 5.07 -13.27
Rh_7_16_int5.xyz 9.10 -6.59 -11.22 -12.43 13.26 -22.86
Rh_7_17_int5.xyz 8.05 -7.72 -3.49 -16.94 12.34 -22.99
Rh_7_18_int5.xyz 6.17 -6.52 -7.41 -12.27 13.74 -24.45
Rh_7_21_int5.xyz 12.65 -1.27 -13.57 -12.92 10.22 -25.84
Rh_7_22_int5.xyz 11.31 -7.12 -9.07 -12.09 6.29 -20.05
Rh_8_0_int5.xyz -3.12 -4.21 -10.21 -4.85 3.80 -12.15
Rh_8_1_int5.xyz 0.91 -8.88 -10.64 -3.92 6.23 -14.44
Rh_8_2_int5.xyz 7.21 -10.30 -2.68 -16.02 6.78 -15.72
Rh_8_3_int5.xyz -1.96 -6.62 -13.05 -2.39 11.63 -18.36
Rh_8_4_int5.xyz -2.37 -6.72 -8.50 -0.43 2.45 -15.17
Rh_8_5_int5.xyz 2.68 -6.52 -6.09 -10.33 7.69 -18.17
Rh_8_6_int5.xyz -2.81 4.13 -18.41 -1.24 3.18 -15.60
Rh_8_7_int5.xyz 20.65 -10.65 0.82 -31.86 32.22 -41.93
Rh_8_8_int5.xyz -1.90 -4.12 -11.81 -1.60 4.14 -15.45
Rh_8_9_int5.xyz -2.02 -4.20 -4.89 -12.48 7.26 -14.41
Rh_8_10_int5.xyz -1.66 -0.96 -14.23 -3.34 6.84 -17.39
Rh_8_11_int5.xyz -4.09 -0.93 -11.78 -5.99 8.49 -16.44
Rh_8_12_int5.xyz -1.64 -1.44 -15.27 -2.99 5.36 -14.76
Rh_8_13_int5.xyz 5.34 -5.61 -5.90 -9.54 13.18 -28.21
Rh_8_14_int5.xyz -4.29 0.60 -15.63 -3.10 5.17 -13.48
Rh_8_15_int5.xyz 10.79 -6.78 -8.43 -10.14 13.89 -30.07
Rh_8_16_int5.xyz -4.65 -3.02 -6.38 -11.63 7.67 -12.72
Rh_8_17_int5.xyz -4.69 1.00 -15.96 2.56 4.42 -18.06
Rh_8_18_int5.xyz -4.13 -4.85 -8.77 -5.42 9.68 -17.25
Rh_8_19_int5.xyz -4.18 -4.12 -8.09 -6.83 9.30 -16.82
Rh_8_20_int5.xyz 0.57 -7.54 -10.91 -3.95 7.60 -16.51
Rh_8_21_int5.xyz 2.68 -9.66 -6.82 -12.90 14.82 -18.86
Rh_8_22_int5.xyz 0.85 -7.95 -7.08 -10.75 9.71 -15.52
Rh_9_0_int5.xyz -4.28 -4.50 -7.46 -8.54 6.60 -12.56
Rh_9_1_int5.xyz 2.23 -7.82 -9.03 -5.92 4.43 -14.63
Rh_9_2_int5.xyz 4.91 -5.90 -6.02 -10.97 4.69 -17.45
Rh_9_3_int5.xyz 5.41 -5.76 -5.01 -12.48 4.15 -17.06
Rh_9_4_int5.xyz -2.90 -2.35 -11.01 -7.15 6.32 -13.66
Rh_9_5_int5.xyz -2.18 -3.10 -9.19 -4.28 2.08 -14.07
Rh_9_6_int5.xyz 10.35 -9.39 -18.59 -3.46 5.37 -15.02
Rh_9_8_int5.xyz -3.54 -0.42 -14.82 -3.49 6.89 -15.36
Rh_9_9_int5.xyz -2.47 -0.59 -11.75 -7.65 6.45 -14.73
Rh_9_10_int5.xyz -5.53 0.26 -8.31 -8.82 3.95 -12.30
Rh_9_11_int5.xyz -5.07 0.32 -14.99 -1.56 5.15 -14.60
Rh_9_12_int5.xyz -2.66 -1.46 -13.21 -3.69 5.36 -15.09
Rh_9_13_int5.xyz 0.10 -4.56 -7.01 -2.64 4.10 -20.74
Rh_9_14_int5.xyz -3.88 1.23 -16.29 -2.19 4.23 -13.84
Rh_9_15_int5.xyz 5.66 -11.10 -8.01 -7.79 15.11 -24.59
Rh_9_16_int5.xyz -0.58 -6.20 -7.63 -3.05 3.45 -16.73
Rh_9_17_int5.xyz -6.62 -0.55 -11.62 -5.45 10.20 -16.72
Rh_9_18_int5.xyz -4.15 0.98 -9.54 -6.80 3.91 -15.15
Rh_9_19_int5.xyz -4.33 -2.25 -4.64 -15.13 10.30 -14.68
Rh_9_20_int5.xyz -0.52 -0.81 -12.09 -7.04 6.64 -16.92
Rh_9_21_int5.xyz -1.56 -4.00 -2.30 -11.43 1.71 -13.17
Rh_9_22_int5.xyz 4.70 -11.23 0.89 -19.27 10.02 -15.85
Rh_10_0_int5.xyz -3.07 -2.55 -10.54 -5.65 5.69 -14.61
Rh_10_1_int5.xyz 0.46 -7.30 -10.11 -6.88 6.05 -12.96
Rh_10_2_int5.xyz 2.12 -4.52 -5.49 -14.70 9.78 -17.93
Rh_10_3_int5.xyz 9.08 -4.24 -4.21 -12.06 11.48 -30.79
Rh_10_4_int5.xyz -2.96 0.53 -15.79 -4.62 8.34 -16.25
Rh_10_5_int5.xyz -2.45 -5.38 -6.11 -1.23 -0.19 -15.37
Rh_10_6_int5.xyz -0.70 -5.82 -7.43 -2.26 -0.03 -14.49
Rh_10_8_int5.xyz -1.93 -1.78 -12.87 -4.85 5.50 -14.80
Rh_10_9_int5.xyz -2.90 -0.70 -13.23 -2.30 5.45 -17.06
Rh_10_10_int5.xyz -2.75 -3.64 -11.27 -3.36 4.30 -14.02
Rh_10_11_int5.xyz -3.65 -0.80 -13.57 -3.26 4.49 -13.96
Rh_10_12_int5.xyz -2.18 -3.30 -12.03 -3.25 5.52 -15.50
Rh_10_13_int5.xyz 2.34 2.26 -9.76 -13.08 13.99 -26.49
Rh_10_14_int5.xyz -4.13 2.42 -17.54 -2.08 7.52 -16.93
Rh_10_15_int5.xyz 11.89 -9.97 -4.36 -13.51 20.18 -34.97
Rh_10_16_int5.xyz -2.28 -2.38 -3.20 -10.72 4.95 -17.12
Rh_10_17_int5.xyz -7.12 -1.97 -7.67 -11.00 8.31 -11.30
Rh_10_18_int5.xyz -8.12 -1.53 -6.97 -7.19 3.55 -10.48
Rh_10_19_int5.xyz -6.01 -1.82 -10.29 -6.18 7.34 -13.78
Rh_10_20_int5.xyz 0.36 -4.31 -8.46 -7.00 4.35 -15.69
Rh_10_21_int5.xyz -0.63 1.18 -9.76 -8.54 0.82 -13.81
Rh_10_22_int5.xyz 6.58 -13.08 0.24 -16.56 8.79 -16.70
Rh_11_0_int5.xyz -4.09 -1.54 -13.11 -4.11 4.88 -12.77
Rh_11_1_int5.xyz 1.13 -7.20 -7.76 -7.42 4.15 -13.65
Rh_11_2_int5.xyz 3.12 -2.61 -4.50 -15.86 8.27 -19.17
Rh_11_3_int5.xyz 2.41 -8.90 -3.34 -8.98 4.75 -16.68
Rh_11_4_int5.xyz -4.79 -3.87 -12.04 -2.19 5.12 -12.98
Rh_11_5_int5.xyz -2.36 -1.22 -9.36 -11.35 8.20 -14.66
Rh_11_6_int5.xyz -5.90 0.03 -11.46 -7.70 6.46 -12.16
Rh_11_7_int5.xyz 13.85 -21.33 16.37 -32.61 16.33 -23.35
Rh_11_8_int5.xyz -2.29 -1.16 -14.75 0.17 2.24 -14.94
Rh_11_9_int5.xyz -4.32 0.93 -14.62 -6.41 10.00 -16.32
Rh_11_10_int5.xyz -4.08 0.44 -9.25 -9.42 8.26 -16.69
Rh_11_11_int5.xyz -4.90 -1.97 -12.50 -3.65 7.15 -14.86
Rh_11_12_int5.xyz -2.31 1.39 -13.08 -7.65 6.65 -15.74
Rh_11_13_int5.xyz 5.85 -5.78 -6.56 -6.45 10.19 -27.99
Rh_11_14_int5.xyz -4.78 -0.77 -12.71 -3.40 8.20 -17.27
Rh_11_15_int5.xyz 10.42 -10.55 -7.02 7.66 -5.96 -25.29
Rh_11_16_int5.xyz -5.77 -3.70 -7.77 -7.44 7.26 -13.32
Rh_11_17_int5.xyz -6.22 -2.21 -8.42 -9.29 13.87 -18.47
Rh_11_18_int5.xyz -3.27 4.37 -13.10 -12.21 8.83 -15.36
Rh_11_19_int5.xyz -3.34 -1.80 -7.67 -9.12 10.59 -19.40
Rh_11_20_int5.xyz -3.60 -2.04 -9.24 -3.02 2.09 -14.92
Rh_11_21_int5.xyz -0.45 0.05 -6.64 -11.10 3.49 -16.10
Rh_11_22_int5.xyz 8.65 -12.64 -7.74 -9.82 10.02 -19.20
Rh_12_0_int5.xyz -3.08 -3.86 -9.80 -6.07 3.41 -11.33
Rh_12_1_int5.xyz -1.71 -2.79 -8.50 -11.34 8.48 -14.88
Rh_12_2_int5.xyz 4.15 -5.01 -6.99 -5.96 3.01 -19.95
Rh_12_3_int5.xyz 7.52 -10.45 -9.08 -6.57 5.86 -18.02
Rh_12_4_int5.xyz -3.77 0.17 -15.85 -5.04 9.14 -15.38
Rh_12_5_int5.xyz -0.32 -3.96 -5.77 -11.92 6.55 -15.32
Rh_12_6_int5.xyz -0.88 -6.07 -7.96 -10.23 7.98 -13.58
Rh_12_7_int5.xyz 19.77 -5.45 -4.36 -24.81 17.71 -33.59
Rh_12_8_int5.xyz -3.89 -1.22 -13.99 -3.53 5.51 -13.62
Rh_12_9_int5.xyz -2.75 -3.85 -11.21 -5.11 6.48 -14.30
Rh_12_10_int5.xyz -3.10 -1.18 -9.30 -8.28 7.13 -16.02
Rh_12_11_int5.xyz -5.50 0.98 -9.10 -8.71 5.08 -13.49
Rh_12_12_int5.xyz -4.29 1.20 -16.50 -2.57 4.74 -13.31
Rh_12_13_int5.xyz 2.20 -11.33 6.99 -19.88 12.58 -21.29
Rh_12_14_int5.xyz 0.43 -5.91 -12.82 -0.54 5.93 -17.82
Rh_12_15_int5.xyz 12.09 -11.69 -1.95 -20.55 13.69 -22.33
Rh_12_16_int5.xyz -3.77 -1.74 -9.31 -8.29 8.71 -16.34
Rh_12_17_int5.xyz -2.99 0.37 -8.42 -5.77 0.61 -14.52
Rh_12_18_int5.xyz -2.65 -3.13 -7.62 -6.12 -0.17 -11.04
Rh_12_19_int5.xyz -7.54 -0.59 -13.96 -2.53 5.83 -11.96
Rh_12_20_int5.xyz -0.06 -5.51 -8.59 -8.88 10.03 -17.73
Rh_12_21_int5.xyz -4.00 -7.11 -4.89 -8.21 8.49 -15.03
Rh_12_22_int5.xyz 6.98 -10.35 -10.63 -11.52 12.38 -17.59
Rh_13_0_int5.xyz 3.33 -11.42 -4.07 -13.36 9.01 -14.22
Rh_13_1_int5.xyz -2.22 -2.09 -2.15 -21.96 19.25 -21.56
Rh_13_2_int5.xyz 11.64 -11.79 -9.73 -12.34 12.06 -20.58
Rh_13_4_int5.xyz -5.73 -2.65 -8.75 -5.92 7.24 -14.93
Rh_13_5_int5.xyz -4.04 -7.46 4.69 -18.24 14.38 -20.07
Rh_13_6_int5.xyz 4.37 -5.62 3.86 -16.61 11.60 -28.33
Rh_13_8_int5.xyz -4.03 -7.02 -8.83 -7.99 11.01 -13.88
Rh_13_9_int5.xyz 0.54 -4.85 -9.09 -6.37 7.14 -18.11
Rh_13_10_int5.xyz 3.57 -4.99 -6.34 -6.83 6.60 -22.74
Rh_13_11_int5.xyz -0.57 -6.31 -8.70 -3.80 7.22 -18.57
Rh_13_12_int5.xyz 2.60 -8.77 -9.66 -7.41 11.49 -18.99
Rh_13_13_int5.xyz 6.27 -12.69 2.19 -7.45 8.07 -27.13
Rh_13_14_int5.xyz 3.54 -3.61 -12.71 -8.45 8.66 -18.17
Rh_13_16_int5.xyz 1.04 -1.85 -10.45 -12.98 11.40 -17.89
Rh_13_17_int5.xyz -3.45 -2.82 -2.23 -15.97 13.86 -20.13
Rh_13_18_int5.xyz -0.62 -4.01 -8.88 -5.01 5.55 -17.77
Rh_13_19_int5.xyz -1.48 -0.35 -8.98 -8.10 8.37 -20.20
Rh_13_20_int5.xyz 3.79 -6.57 -6.34 -8.74 8.18 -21.06
Rh_13_21_int5.xyz 1.45 -7.76 -3.91 -15.07 10.61 -16.05
Rh_13_22_int5.xyz 8.48 -11.64 -0.23 -12.18 6.85 -22.02
Rh_14_0_int5.xyz -3.84 -3.74 -10.19 -6.44 5.89 -12.43
Rh_14_1_int5.xyz -1.02 -2.81 -5.12 -12.51 5.13 -14.41
Rh_14_2_int5.xyz -1.13 0.67 -12.15 -10.22 13.35 -21.26
Rh_14_3_int5.xyz 1.94 -5.21 -0.93 -15.03 10.55 -22.06
Rh_14_4_int5.xyz -0.66 -1.92 -11.05 -9.21 8.76 -16.65
Rh_14_5_int5.xyz 0.87 -1.70 -9.34 -9.70 5.75 -16.62
Rh_14_6_int5.xyz -1.02 -4.72 -7.20 -6.28 3.42 -14.93
Rh_14_7_int5.xyz 13.20 -5.48 -6.39 -20.31 13.44 -25.20
Rh_14_8_int5.xyz -2.00 -2.06 -14.68 -2.66 8.32 -17.66
Rh_14_9_int5.xyz -1.91 -1.92 -11.90 -5.60 4.61 -14.02
Rh_14_10_int5.xyz -2.39 -0.89 -16.90 -1.80 9.89 -18.64
Rh_14_11_int5.xyz -4.34 -0.63 -14.50 0.33 5.22 -16.81
Rh_14_12_int5.xyz -2.15 -0.82 -15.46 0.13 4.58 -17.01
Rh_14_13_int5.xyz 11.44 -15.10 -1.55 -7.49 2.50 -20.54
Rh_14_14_int5.xyz -2.69 3.80 -15.23 -5.71 4.59 -15.50
Rh_14_15_int5.xyz 8.57 -14.76 0.71 -16.08 11.19 -20.37
Rh_14_16_int5.xyz -2.13 -4.10 -5.38 -10.87 7.47 -15.75
Rh_14_17_int5.xyz -5.88 2.45 -13.95 -6.04 9.88 -17.20
Rh_14_18_int5.xyz -3.21 -3.02 -8.66 -8.42 7.06 -14.49
Rh_14_19_int5.xyz -5.39 0.82 -10.39 -8.94 7.77 -14.61
Rh_14_20_int5.xyz 0.12 -2.02 -11.38 -5.47 3.34 -15.33
Rh_14_21_int5.xyz 0.42 0.13 -11.97 -9.11 8.82 -19.03
Rh_14_22_int5.xyz 2.02 -8.80 -1.70 -14.22 10.29 -18.33
Rh_15_0_int5.xyz -5.61 -4.23 -8.89 -9.51 12.28 -14.78
Rh_15_1_int5.xyz 0.04 -6.60 -3.54 -17.00 8.58 -12.22
Rh_15_2_int5.xyz -3.65 2.40 -8.50 -17.75 7.43 -10.67
Rh_15_4_int5.xyz -6.89 -7.53 -8.27 -3.92 2.43 -6.56
Rh_15_5_int5.xyz 2.76 -3.50 -6.56 -10.41 13.64 -26.67
Rh_15_6_int5.xyz 4.03 -8.87 -3.89 -5.96 9.49 -25.54
Rh_15_8_int5.xyz -2.62 -3.20 -10.70 -1.12 1.30 -14.40
Rh_15_9_int5.xyz 3.95 -3.18 -11.47 -14.13 11.54 -17.45
Rh_15_10_int5.xyz -1.25 -2.68 -6.51 -7.63 4.66 -17.33
Rh_15_11_int5.xyz 2.61 -7.84 -5.85 -11.01 11.14 -19.78
Rh_15_12_int5.xyz -0.27 -2.33 -1.49 -7.32 -0.85 -18.49
Rh_15_13_int5.xyz 11.30 -25.86 8.42 -17.33 12.19 -19.47
Rh_15_14_int5.xyz -1.89 1.34 -6.40 -20.13 11.62 -15.28
Rh_15_16_int5.xyz -5.59 2.79 -1.39 -22.21 7.44 -11.77
Rh_15_17_int5.xyz 1.68 -5.63 -0.79 -10.71 3.43 -18.71
Rh_15_18_int5.xyz -7.57 -5.55 -7.35 -3.70 5.52 -12.08
Rh_15_19_int5.xyz -2.10 0.22 -7.50 1.54 -3.57 -19.34
Rh_15_20_int5.xyz 6.10 -6.90 -12.38 -5.85 4.73 -16.44
Rh_15_21_int5.xyz -1.41 -10.95 4.83 -17.15 17.06 -23.13
Rh_15_22_int5.xyz 15.95 -17.31 -4.01 -10.29 3.61 -18.69
Rh_16_0_int5.xyz -1.24 -5.02 -4.87 -5.17 -0.54 -13.90
Rh_16_1_int5.xyz 2.37 -3.08 -6.94 -16.24 6.97 -13.82
Rh_16_2_int5.xyz 5.80 -5.19 -5.52 -15.42 5.88 -16.29
Rh_16_3_int5.xyz 4.25 -3.00 -5.31 -13.20 7.40 -20.88
Rh_16_4_int5.xyz 2.58 -6.08 -8.29 -5.72 4.65 -17.88
Rh_16_5_int5.xyz -2.64 -4.47 -11.97 -5.62 8.17 -14.22
Rh_16_6_int5.xyz 2.62 -5.80 -0.94 -10.97 5.02 -20.68
Rh_16_7_int5.xyz 19.80 -17.76 5.37 -26.15 12.81 -24.81
Rh_16_8_int5.xyz -3.84 4.08 -17.31 -0.77 3.48 -16.37
Rh_16_9_int5.xyz -0.23 -3.16 -6.17 -7.74 3.97 -17.41
Rh_16_10_int5.xyz -3.91 -4.18 -5.61 -4.46 1.37 -13.96
Rh_16_11_int5.xyz -1.99 -3.91 -8.31 -8.19 8.85 -17.19
Rh_16_12_int5.xyz -1.81 2.05 -15.10 -6.16 4.34 -14.05
Rh_16_13_int5.xyz 6.50 -11.48 -1.26 -5.95 3.01 -21.56
Rh_16_14_int5.xyz -6.30 -2.24 -8.84 -5.47 2.33 -10.22
Rh_16_16_int5.xyz -7.18 0.54 -11.33 -2.75 7.06 -17.08
Rh_16_17_int5.xyz -2.76 -2.39 -14.56 -0.68 6.05 -16.40
Rh_16_18_int5.xyz -5.23 0.48 -4.74 -10.01 6.37 -17.61
Rh_16_19_int5.xyz -7.12 -1.89 -9.15 -4.48 6.62 -14.73
Rh_16_20_int5.xyz -1.96 -2.48 -8.71 -3.00 1.39 -15.99
Rh_16_21_int5.xyz 7.02 -13.27 2.52 -7.77 6.06 -25.29
Rh_16_22_int5.xyz 5.84 -11.30 -5.23 -3.00 6.08 -23.14
Rh_17_0_int5.xyz -1.71 -4.94 -11.20 -4.73 5.81 -13.97
Rh_17_1_int5.xyz 0.05 -5.22 -7.17 -3.65 -1.09 -13.66
Rh_17_2_int5.xyz 4.33 -9.29 -4.26 -10.88 8.00 -18.64
Rh_17_3_int5.xyz 0.96 -5.51 -0.29 -17.29 6.54 -15.15
Rh_17_4_int5.xyz 0.49 -5.10 -8.90 -5.14 5.29 -17.39
Rh_17_5_int5.xyz 0.21 -7.21 -3.93 -10.33 9.33 -18.81
Rh_17_6_int5.xyz 4.45 -12.79 -3.47 -10.55 11.06 -19.43
Rh_17_7_int5.xyz 19.36 -13.08 -0.39 -6.44 -2.92 -27.26
Rh_17_8_int5.xyz -1.10 -4.16 -13.70 2.02 -0.30 -13.49
Rh_17_9_int5.xyz -5.86 -5.71 -4.28 -7.69 3.33 -10.53
Rh_17_10_int5.xyz -2.62 -1.49 -12.86 -2.64 5.39 -16.53
Rh_17_11_int5.xyz -3.81 1.96 -14.89 -2.98 5.10 -16.13
Rh_17_12_int5.xyz -2.61 1.78 -14.82 -5.58 5.32 -14.82
Rh_17_13_int5.xyz 7.24 -10.17 -2.42 -12.76 13.46 -26.10
Rh_17_14_int5.xyz -5.89 0.96 -12.21 -2.10 4.86 -16.35
Rh_17_15_int5.xyz 5.41 -9.24 -4.93 -15.24 17.05 -23.79
Rh_17_16_int5.xyz -4.51 -0.01 -10.88 -6.39 9.75 -18.70
Rh_17_17_int5.xyz -8.09 0.40 -12.78 -2.21 9.91 -17.97
Rh_17_18_int5.xyz -5.44 0.77 -15.40 -3.54 10.24 -17.38
Rh_17_19_int5.xyz -6.30 1.66 -13.59 -3.14 7.55 -16.94
Rh_17_20_int5.xyz -2.83 0.17 -8.22 -5.42 5.07 -19.51
Rh_17_21_int5.xyz 7.85 -7.44 -7.24 -16.97 10.16 -17.10
Rh_17_22_int5.xyz 4.72 -9.45 7.66 -16.02 0.62 -18.27
Rh_18_0_int5.xyz -0.26 -3.72 -7.61 -11.54 6.37 -13.98
Rh_18_1_int5.xyz 2.04 -6.01 -3.67 -6.82 -1.26 -15.02
Rh_18_2_int5.xyz 9.98 -13.12 -2.22 -15.45 7.31 -17.25
Rh_18_3_int5.xyz 8.75 -6.48 1.04 -16.59 3.33 -20.79
Rh_18_4_int5.xyz -0.85 -2.16 -8.18 -4.51 4.28 -19.32
Rh_18_5_int5.xyz 1.84 -7.30 -3.25 -10.69 5.74 -17.08
Rh_18_6_int5.xyz 0.46 -4.78 -7.81 -8.14 8.68 -19.15
Rh_18_7_int5.xyz 16.02 -4.40 -11.00 -12.80 8.10 -26.67
Rh_18_8_int5.xyz -1.38 -6.11 -10.80 -1.66 1.50 -12.29
Rh_18_9_int5.xyz -2.59 -1.18 -8.09 -6.75 -1.06 -11.06
Rh_18_10_int5.xyz -5.20 2.78 -16.92 -3.23 3.77 -11.94
Rh_18_11_int5.xyz -3.31 1.11 -15.71 -4.22 5.87 -14.49
Rh_18_12_int5.xyz -0.19 -6.16 -12.98 -1.26 4.93 -15.08
Rh_18_13_int5.xyz 2.97 -1.99 1.61 -16.63 1.94 -18.65
Rh_18_14_int5.xyz -6.80 -0.32 -6.78 -3.67 -1.92 -11.24
Rh_18_15_int5.xyz 1.84 -13.82 -2.91 -11.20 16.51 -21.16
Rh_18_16_int5.xyz -5.63 1.05 -13.17 -6.10 8.56 -15.45
Rh_18_17_int5.xyz -4.47 -4.41 -10.71 -3.42 10.38 -18.10
Rh_18_18_int5.xyz -6.96 1.98 -12.58 -4.46 7.06 -15.79
Rh_18_19_int5.xyz -6.33 0.87 -6.22 -11.64 8.44 -15.86
Rh_18_20_int5.xyz -1.60 4.89 -15.17 -7.81 8.23 -19.28
Rh_18_21_int5.xyz -0.25 -3.59 -3.93 -16.61 12.28 -18.65
Rh_18_22_int5.xyz 5.89 -5.69 -2.82 -15.07 10.96 -24.02
Rh_19_0_int5.xyz -5.75 -5.59 -10.70 -2.46 2.80 -9.04
Rh_19_1_int5.xyz 2.73 -8.87 -2.12 -5.17 -1.02 -16.30
Rh_19_2_int5.xyz 7.91 -10.05 -6.00 -14.15 7.80 -16.25
Rh_19_3_int5.xyz 4.52 -8.78 -1.10 -13.31 8.82 -20.89
Rh_19_4_int5.xyz 2.44 -6.03 -10.12 -1.94 4.44 -19.53
Rh_19_5_int5.xyz 3.66 -6.18 -5.10 -11.40 5.96 -17.69
Rh_19_6_int5.xyz 6.42 -11.02 -9.48 -6.41 8.51 -18.76
Rh_19_8_int5.xyz -3.21 -1.71 -13.15 0.53 1.94 -15.14
Rh_19_9_int5.xyz -2.37 2.07 -15.00 -2.36 1.80 -14.88
Rh_19_10_int5.xyz -2.55 -3.27 -4.43 -15.04 8.81 -14.27
Rh_19_11_int5.xyz -3.29 -2.95 -9.67 -6.33 6.78 -15.28
Rh_19_12_int5.xyz -0.01 -2.65 -12.69 -1.91 6.31 -19.79
Rh_19_13_int5.xyz -1.38 -6.03 -5.23 -8.77 2.39 -11.72
Rh_19_14_int5.xyz -3.91 -1.73 -11.32 -8.88 6.60 -11.50
Rh_19_15_int5.xyz 0.19 -5.55 -8.63 -9.25 5.07 -12.57
Rh_19_16_int5.xyz -4.89 -1.61 -11.51 -4.68 7.09 -15.14
Rh_19_17_int5.xyz -4.39 -3.00 -14.46 -1.37 9.79 -17.30
Rh_19_18_int5.xyz -3.36 -1.94 -10.09 -7.23 9.04 -17.16
Rh_19_19_int5.xyz -10.48 -0.28 -6.89 -8.16 14.39 -19.32
Rh_19_20_int5.xyz -0.50 -6.68 -11.94 -1.04 4.26 -14.84
Rh_19_21_int5.xyz -2.95 -6.91 -4.94 -10.93 7.96 -12.97
Rh_19_22_int5.xyz 7.20 -9.89 10.28 -27.06 19.19 -30.47
Rh_20_0_int5.xyz -1.51 -5.65 -6.35 -7.97 3.94 -13.20
Rh_20_1_int5.xyz 0.26 -4.69 -8.70 -7.94 5.81 -15.47
Rh_20_2_int5.xyz 8.53 -14.11 -3.19 -10.16 15.79 -27.60
Rh_20_3_int5.xyz 4.36 -6.13 4.41 -18.98 5.47 -19.86
Rh_20_4_int5.xyz -0.19 -2.32 -15.44 -3.39 5.72 -15.11
Rh_20_5_int5.xyz 1.45 -7.31 -7.19 -6.82 11.72 -22.58
Rh_20_6_int5.xyz 0.45 -3.95 -1.74 -11.10 3.43 -17.83
Rh_20_7_int5.xyz 10.54 -10.87 4.47 -14.17 4.58 -25.29
Rh_20_8_int5.xyz -0.64 -2.53 -14.84 -4.34 7.32 -15.72
Rh_20_9_int5.xyz -0.51 -3.47 -10.15 -7.65 6.11 -15.07
Rh_20_10_int5.xyz -2.70 0.56 -16.43 -1.74 -0.84 -9.60
Rh_20_11_int5.xyz -3.02 -0.88 -5.61 -12.18 4.83 -13.87
Rh_20_12_int5.xyz -4.63 -0.90 -7.10 -11.06 7.90 -14.96
Rh_20_13_int5.xyz 0.03 -5.28 -5.79 -8.87 9.68 -20.52
Rh_20_14_int5.xyz -1.95 -5.88 -9.67 3.38 -8.18 -8.43
Rh_20_15_int5.xyz 7.28 -2.33 -2.53 -12.30 0.08 -20.94
Rh_20_16_int5.xyz -3.91 -1.32 -8.65 -7.53 7.18 -16.53
Rh_20_17_int5.xyz -3.60 -2.03 -9.99 -5.51 9.21 -18.82
Rh_20_18_int5.xyz -2.67 -5.30 -9.28 -5.99 13.26 -20.75
Rh_20_19_int5.xyz -5.39 -2.23 -8.99 -2.06 4.25 -16.33
Rh_20_20_int5.xyz 1.11 -6.52 -8.27 -1.73 3.45 -18.79
Rh_20_21_int5.xyz 1.64 -6.63 -2.52 -16.15 9.40 -16.47
Rh_21_0_int5.xyz -2.02 -3.82 -5.57 -12.31 4.30 -11.32
Rh_21_1_int5.xyz 0.72 -4.90 -2.61 -10.37 0.04 -13.63
Rh_21_2_int5.xyz 7.04 -13.81 -5.18 -6.12 3.55 -16.22
Rh_21_3_int5.xyz 8.22 -12.79 -1.02 -16.52 8.12 -16.75
Rh_21_4_int5.xyz 1.86 -9.04 -1.17 -10.87 3.71 -15.23
Rh_21_5_int5.xyz 0.06 -4.89 -6.16 -8.64 3.53 -14.62
Rh_21_6_int5.xyz 0.70 0.65 -14.95 1.06 -6.99 -11.21
Rh_21_8_int5.xyz -2.00 -1.58 -13.00 -4.14 3.09 -13.10
Rh_21_9_int5.xyz -3.17 -4.91 -8.32 -9.69 8.05 -12.71
Rh_21_10_int5.xyz 1.79 -4.30 -16.04 -7.73 10.01 -14.48
Rh_21_11_int5.xyz -2.46 -1.13 -8.35 -10.36 8.05 -16.48
Rh_21_12_int5.xyz 0.50 -7.03 -7.56 -11.08 9.20 -14.77
Rh_21_13_int5.xyz 4.58 -6.89 -1.22 -13.07 12.11 -26.24
Rh_21_14_int5.xyz -2.08 -6.50 -9.90 -6.65 3.90 -9.51
Rh_21_15_int5.xyz 13.84 -9.26 -8.19 -24.78 29.64 -31.98
Rh_21_16_int5.xyz -5.91 -0.71 -12.73 -4.85 7.80 -14.34
Rh_21_17_int5.xyz -3.86 -2.47 -9.64 -9.24 11.20 -16.74
Rh_21_18_int5.xyz -1.02 -1.86 -8.74 -11.65 14.52 -21.99
Rh_21_19_int5.xyz -2.53 6.29 -9.19 -11.95 2.56 -15.92
Rh_21_20_int5.xyz -1.93 -2.34 -7.06 -9.43 7.00 -16.98
Rh_21_21_int5.xyz 8.80 -12.71 -2.21 -14.74 4.38 -14.25
Rh_21_22_int5.xyz 8.36 -8.27 1.96 -20.62 8.17 -20.33
Rh_22_0_int5.xyz 1.31 -8.83 -9.37 -7.07 5.08 -11.87
Rh_22_1_int5.xyz 4.05 -6.13 0.82 -20.83 7.32 -15.98
Rh_22_2_int5.xyz 13.92 -13.19 1.49 -22.45 9.85 -20.36
Rh_22_3_int5.xyz 7.85 -7.58 -2.54 -14.71 6.46 -20.23
Rh_22_4_int5.xyz 1.88 -7.17 -7.63 -7.89 2.41 -12.35
Rh_22_5_int5.xyz 2.90 -5.46 -9.58 -5.81 -0.01 -12.78
Rh_22_6_int5.xyz -0.41 -3.20 -7.76 -7.50 2.73 -14.60
Rh_22_8_int5.xyz -0.77 -2.00 -9.97 -11.75 6.46 -12.72
Rh_22_9_int5.xyz -1.77 -4.69 -8.62 -9.29 10.24 -16.60
Rh_22_10_int5.xyz 0.42 -5.72 -7.57 -5.12 4.39 -17.14
Rh_22_11_int5.xyz 2.84 -7.91 -6.68 -11.08 10.61 -18.52
Rh_22_12_int5.xyz 0.98 -2.07 -12.04 -14.16 12.16 -15.61
Rh_22_13_int5.xyz 3.54 -9.29 6.72 -19.42 16.41 -28.70
Rh_22_14_int5.xyz -1.53 -3.73 -6.21 -16.90 12.62 -14.99
Rh_22_16_int5.xyz -1.37 -7.27 -9.57 -8.88 13.55 -17.19
Rh_22_17_int5.xyz -2.33 -1.47 -9.64 -5.35 4.42 -16.38
Rh_22_18_int5.xyz 1.48 -5.18 -0.58 -16.99 7.42 -16.89
Rh_22_19_int5.xyz -5.77 3.34 -15.52 -3.00 5.39 -15.19
Rh_22_20_int5.xyz -0.17 0.80 -10.04 -11.34 8.21 -18.20
Rh_22_21_int5.xyz 8.67 -15.47 -5.17 -12.06 10.14 -16.85
Rh_22_22_int5.xyz 6.29 -12.80 2.61 -13.41 6.61 -20.05
Ir_0_0_int5.xyz -8.23 1.25 -14.84 -1.46 -11.81 4.35
Ir_0_1_int5.xyz -6.15 -0.01 -14.49 -1.79 -8.21 -0.09
Ir_0_2_int5.xyz -7.90 1.09 -12.67 -5.54 -8.30 2.59
Ir_0_3_int5.xyz -1.42 -4.47 -3.92 -8.69 -8.57 -3.67
Ir_0_4_int5.xyz -8.12 1.22 -17.05 3.46 -11.75 1.50
Ir_0_5_int5.xyz -7.56 1.44 -10.97 -2.03 -12.29 0.68
Ir_0_6_int5.xyz -3.10 -2.09 -19.89 3.83 -14.19 4.70
Ir_0_7_int5.xyz 2.00 -7.03 -6.54 -4.84 -11.53 -2.81
Ir_0_8_int5.xyz -8.74 1.80 -13.51 -0.92 -9.07 -0.31
Ir_0_9_int5.xyz -11.64 1.55 -14.65 -1.38 -8.05 3.43
Ir_0_10_int5.xyz -9.43 2.29 -14.04 -0.56 -9.43 0.42
Ir_0_11_int5.xyz -11.20 2.01 -18.12 3.49 -10.82 3.91
Ir_0_12_int5.xyz -8.49 0.83 -11.77 -1.18 -9.91 -0.22
Ir_0_13_int5.xyz -4.05 -3.42 -7.51 -4.66 -4.06 -7.05
Ir_0_14_int5.xyz -7.90 1.79 -18.15 1.78 -9.37 1.11
Ir_0_15_int5.xyz -1.60 -7.66 -3.98 -11.14 -6.34 -0.02
Ir_0_16_int5.xyz -8.20 2.52 -13.84 -5.47 -6.50 0.76
Ir_0_17_int5.xyz -8.64 6.29 -18.93 0.35 -2.06 -7.75
Ir_0_18_int5.xyz -6.30 4.46 -14.77 -1.87 -10.19 -2.07
Ir_0_19_int5.xyz -7.27 1.86 -16.99 -0.94 -5.80 -1.60
Ir_0_20_int5.xyz -8.80 4.31 -9.39 -6.55 -7.31 -3.01
Ir_0_21_int5.xyz -1.56 -7.00 -9.83 -5.76 -4.46 -2.13
Ir_0_22_int5.xyz 3.27 -7.26 -8.09 -6.95 -10.15 -1.56
Ir_1_0_int5.xyz -7.16 1.12 -15.86 -2.06 -10.11 3.33
Ir_1_1_int5.xyz -1.16 -4.07 -13.63 -2.78 -10.21 1.12
Ir_1_2_int5.xyz -4.08 1.55 -12.71 -4.08 -11.51 0.08
Ir_1_3_int5.xyz 0.01 -4.64 -8.88 -5.33 -6.57 -5.32
Ir_1_4_int5.xyz -8.25 1.02 -16.59 1.36 -9.73 1.45
Ir_1_5_int5.xyz -5.87 3.55 -12.96 -3.34 -13.48 1.36
Ir_1_6_int5.xyz 1.49 -0.05 -17.12 0.48 -15.98 0.43
Ir_1_7_int5.xyz 13.36 -5.54 -4.38 -8.28 -17.57 -8.33
Ir_1_8_int5.xyz -8.32 0.11 -11.64 -3.14 -6.93 -0.81
Ir_1_9_int5.xyz -9.85 2.89 -11.21 -3.25 -7.35 -1.97
Ir_1_10_int5.xyz -7.94 0.10 -13.79 -0.92 -7.20 -0.99
Ir_1_11_int5.xyz -6.32 0.07 -15.48 2.75 -13.92 2.16
Ir_1_12_int5.xyz -7.68 1.83 -14.70 -2.06 -9.27 1.15
Ir_1_13_int5.xyz 6.65 -9.47 -6.07 -10.75 9.17 -20.27
Ir_1_14_int5.xyz -7.34 1.36 -14.13 -1.05 -6.77 -2.81
Ir_1_16_int5.xyz -8.60 -0.55 -8.49 -9.42 -4.00 0.31
Ir_1_17_int5.xyz -4.45 -1.98 -9.29 -1.99 -5.18 -7.85
Ir_1_18_int5.xyz -2.43 0.33 -13.24 4.94 -14.23 -6.11
Ir_1_19_int5.xyz -9.50 1.36 -12.30 2.35 -11.88 -0.77
Ir_1_20_int5.xyz -4.06 -2.91 -8.22 -7.40 -1.30 -6.85
Ir_1_21_int5.xyz -3.25 -0.21 -12.04 -5.41 -5.43 -4.40
Ir_1_22_int5.xyz 4.75 -9.16 -8.30 -1.96 -9.01 -7.06
Ir_2_0_int5.xyz -5.86 -1.36 -10.63 -3.11 -12.48 2.71
Ir_2_1_int5.xyz 0.28 -6.46 -9.64 -8.86 -5.76 -0.31
Ir_2_2_int5.xyz -2.61 0.15 -11.04 -3.59 -8.90 -4.76
Ir_2_3_int5.xyz -5.31 -1.37 -7.06 -4.11 -11.87 -1.03
Ir_2_4_int5.xyz -10.09 2.41 -8.41 -3.63 -6.45 -4.57
Ir_2_5_int5.xyz -3.59 -5.12 -3.73 -10.88 -4.19 -3.23
Ir_2_6_int5.xyz -0.81 -2.48 -13.48 -0.03 -12.14 -1.80
Ir_2_7_int5.xyz 11.24 -3.54 -9.23 -4.17 -7.46 -17.59
Ir_2_8_int5.xyz -4.83 -1.28 -9.82 -4.90 -12.73 2.82
Ir_2_9_int5.xyz -3.68 -2.36 -14.18 -2.93 -10.07 2.48
Ir_2_10_int5.xyz -8.39 -0.38 -13.35 0.56 -5.63 -3.55
Ir_2_11_int5.xyz -6.11 0.07 -16.16 1.75 -5.47 -4.82
Ir_2_12_int5.xyz -6.43 -0.69 -11.48 -4.81 -6.36 -0.96
Ir_2_13_int5.xyz 1.87 -5.27 -11.43 0.63 -5.42 -11.12
Ir_2_14_int5.xyz -9.90 5.48 -13.74 -5.95 2.87 -9.49
Ir_2_16_int5.xyz -6.72 4.85 -16.95 -2.24 -1.78 -7.90
Ir_2_17_int5.xyz -11.54 5.68 -11.23 -1.87 -13.36 1.58
Ir_2_18_int5.xyz -8.51 4.02 -8.77 -7.75 -6.70 -3.03
Ir_2_19_int5.xyz -5.50 2.73 -8.38 -6.64 -1.66 -11.29
Ir_2_20_int5.xyz -0.54 -4.65 -2.98 -8.47 -8.61 -5.49
Ir_2_21_int5.xyz -1.22 -1.23 -0.59 -15.82 -4.18 -7.70
Ir_2_22_int5.xyz -4.82 1.38 -7.72 -4.36 -1.60 -13.62
Ir_3_0_int5.xyz -6.93 0.34 -10.64 -6.09 -11.85 4.43
Ir_3_1_int5.xyz -2.30 -1.08 -13.03 -6.38 -6.68 -1.27
Ir_3_2_int5.xyz 0.96 -3.28 -12.75 -4.39 -10.51 -0.77
Ir_3_3_int5.xyz -0.04 -1.53 -7.20 -8.79 -11.29 -1.89
Ir_3_4_int5.xyz -7.97 2.51 -16.40 2.80 -11.04 -0.64
Ir_3_5_int5.xyz -1.58 -1.88 -14.92 -1.19 -11.65 0.48
Ir_3_6_int5.xyz -3.11 3.64 -16.62 -0.75 -15.24 1.34
Ir_3_8_int5.xyz -4.93 6.70 -18.07 0.95 -11.98 -3.41
Ir_3_9_int5.xyz -1.46 -5.14 -13.87 0.71 -10.93 -0.05
Ir_3_10_int5.xyz -2.58 0.31 -14.46 -5.60 -6.35 -2.05
Ir_3_11_int5.xyz -6.75 0.91 -12.54 -1.86 -6.25 -4.26
Ir_3_12_int5.xyz -2.45 -1.82 -10.06 -1.95 -6.87 -7.58
Ir_3_13_int5.xyz 5.48 -4.58 -3.34 -9.85 -2.49 -15.95
Ir_3_14_int5.xyz -4.72 -1.61 14.87 -31.21 -3.01 -5.07
Ir_3_16_int5.xyz -6.54 3.66 -17.77 2.77 -14.70 1.84
Ir_3_17_int5.xyz -5.58 5.83 -18.79 1.60 -10.49 -3.32
Ir_3_18_int5.xyz -5.72 4.06 -11.31 -6.24 -11.50 -0.02
Ir_3_19_int5.xyz -5.46 3.34 -14.28 -4.66 -4.49 -5.20
Ir_3_20_int5.xyz -2.81 2.09 -5.28 -5.41 -11.20 -8.13
Ir_3_21_int5.xyz 3.97 -12.77 -0.57 -5.64 -8.44 -7.29
Ir_3_22_int5.xyz 2.70 -0.88 -3.41 -11.67 -10.60 -6.87
Ir_4_0_int5.xyz -10.69 3.22 -15.21 -1.38 -11.25 4.57
Ir_4_1_int5.xyz -4.04 -1.78 -14.08 0.70 -12.63 1.08
Ir_4_2_int5.xyz -9.14 4.44 -13.79 -9.12 -7.89 4.76
Ir_4_3_int5.xyz -5.95 2.24 -9.84 -4.94 -10.48 -1.77
Ir_4_4_int5.xyz -9.38 2.22 -11.76 -0.70 -9.85 -1.28
Ir_4_5_int5.xyz -5.24 -3.42 -13.14 -1.00 -9.50 1.56
Ir_4_6_int5.xyz -8.85 5.87 -18.65 -0.44 -7.98 -0.69
Ir_4_7_int5.xyz 6.33 -10.64 -6.24 -7.12 -7.01 -6.07
Ir_4_8_int5.xyz -10.92 2.70 -11.64 -1.03 -13.19 3.35
Ir_4_9_int5.xyz -11.04 5.00 -12.48 -4.30 -9.86 1.94
Ir_4_10_int5.xyz -9.56 0.87 -12.20 -0.36 -12.57 3.07
Ir_4_11_int5.xyz -10.99 1.68 -14.02 4.66 -8.28 -3.79
Ir_4_12_int5.xyz -8.92 1.79 -13.92 -0.84 -9.02 0.17
Ir_4_13_int5.xyz -1.21 -5.53 1.17 -17.69 0.23 -7.71
Ir_4_14_int5.xyz -8.68 4.00 -16.42 -0.05 -9.84 0.25
Ir_4_16_int5.xyz -11.24 1.87 -16.69 7.79 -13.29 0.81
Ir_4_17_int5.xyz -14.02 4.52 -15.35 3.20 -8.14 -0.96
Ir_4_18_int5.xyz -10.12 4.31 -19.04 4.17 -7.54 -2.53
Ir_4_19_int5.xyz -9.54 1.94 -17.80 8.12 -10.38 -3.08
Ir_4_20_int5.xyz -8.69 7.92 -16.39 -4.04 -5.58 -3.97
Ir_4_21_int5.xyz -6.23 -1.31 -9.14 0.56 -14.41 -0.20
Ir_4_22_int5.xyz 1.75 0.03 -6.59 -16.06 -0.89 -8.98
Ir_5_0_int5.xyz -9.08 2.06 -16.28 -0.35 -11.91 4.83
Ir_5_1_int5.xyz -6.00 -1.93 -7.98 -9.29 -9.64 4.10
Ir_5_2_int5.xyz -1.81 -3.43 -9.22 -6.21 -10.81 0.74
Ir_5_3_int5.xyz -0.57 -3.71 -4.99 -13.05 -10.26 1.83
Ir_5_4_int5.xyz -8.99 3.34 -17.01 0.34 -5.82 -2.61
Ir_5_5_int5.xyz -3.47 -2.50 -12.89 2.92 -10.88 -3.93
Ir_5_6_int5.xyz -15.43 1.39 -7.31 -8.27 -4.43 3.31
Ir_5_7_int5.xyz 7.06 -0.87 -4.22 -16.87 -8.99 -6.84
Ir_5_8_int5.xyz -9.07 3.14 -15.53 0.02 -12.37 3.07
Ir_5_9_int5.xyz -10.97 4.23 -13.40 1.75 -13.73 1.37
Ir_5_10_int5.xyz -13.43 4.15 -16.62 3.03 -13.07 5.20
Ir_5_11_int5.xyz -10.49 3.90 -17.10 -0.06 -8.45 1.45
Ir_5_12_int5.xyz -8.81 5.53 -19.08 0.73 -7.34 -1.78
Ir_5_13_int5.xyz 2.72 -11.45 -22.84 9.79 -6.52 -2.44
Ir_5_14_int5.xyz -6.89 3.20 -14.52 -2.28 -10.58 0.33
Ir_5_16_int5.xyz -8.15 5.00 -20.68 5.71 -9.59 -3.04
Ir_5_17_int5.xyz -12.54 1.48 -10.59 1.18 -11.54 1.27
Ir_5_18_int5.xyz -13.33 2.15 -10.94 2.80 -10.98 -0.44
Ir_5_19_int5.xyz -9.66 4.19 -18.28 2.72 -5.73 -3.97
Ir_5_20_int5.xyz -10.78 4.45 -11.91 -3.08 -6.79 -2.62
Ir_5_21_int5.xyz -7.41 2.35 -15.38 -3.85 -8.30 1.85
Ir_5_22_int5.xyz 0.34 -7.01 -1.85 -11.16 -8.60 -2.45
Ir_6_0_int5.xyz -9.36 1.33 -13.05 -1.73 -10.52 2.60
Ir_6_1_int5.xyz -2.09 -2.09 -12.83 1.48 -17.64 2.42
Ir_6_2_int5.xyz -0.17 -7.15 -5.78 -8.59 -11.87 2.82
Ir_6_3_int5.xyz 5.23 -2.54 -17.91 0.84 -10.80 -5.56
Ir_6_4_int5.xyz -9.04 1.11 -10.86 -1.08 -8.18 -2.69
Ir_6_5_int5.xyz -9.33 4.96 -17.69 1.48 -6.95 -3.19
Ir_6_6_int5.xyz -8.30 3.63 -12.98 1.57 -10.97 -3.68
Ir_6_7_int5.xyz 4.66 2.30 -4.85 -16.14 -7.58 -9.13
Ir_6_8_int5.xyz -1.62 -6.20 -13.79 1.75 -9.78 -1.09
Ir_6_9_int5.xyz -5.45 -1.63 -11.31 -3.00 -5.49 -3.86
Ir_6_10_int5.xyz -7.48 -2.63 -10.55 -0.85 -12.50 3.29
Ir_6_11_int5.xyz -4.67 2.46 -15.61 -5.48 -1.85 -5.59
Ir_6_12_int5.xyz -9.37 -1.76 -17.56 8.22 -15.38 5.12
Ir_6_13_int5.xyz 1.07 -5.57 -13.75 1.47 -14.33 0.38
Ir_6_14_int5.xyz -8.88 5.93 -20.69 5.13 -13.98 1.76
Ir_6_15_int5.xyz 10.54 -18.67 -9.87 -0.88 -2.33 -9.54
Ir_6_16_int5.xyz -7.53 -2.34 -16.46 2.11 -5.90 -0.61
Ir_6_17_int5.xyz -9.19 2.27 -16.47 -1.39 -0.72 -5.24
Ir_6_18_int5.xyz -14.08 7.14 -21.20 0.87 -7.18 3.71
Ir_6_19_int5.xyz -11.21 7.44 -19.94 5.47 -14.86 2.36
Ir_6_20_int5.xyz -8.63 5.03 -21.75 7.91 -13.53 0.24
Ir_6_21_int5.xyz -0.92 -4.75 -9.08 -3.44 -17.80 5.25
Ir_6_22_int5.xyz -5.91 1.37 -6.81 -12.86 -5.78 -0.76
Ir_7_0_int5.xyz -3.52 -2.85 -14.97 2.40 -11.07 -0.73
Ir_7_1_int5.xyz 0.96 -2.02 -10.45 -7.97 -6.55 -4.71
Ir_7_2_int5.xyz -4.66 -7.26 -9.44 -2.75 -4.33 -2.30
Ir_7_3_int5.xyz 19.31 -9.85 -3.75 -18.34 1.10 -19.22
Ir_7_4_int5.xyz -9.97 1.40 -6.21 -6.98 -13.23 4.26
Ir_7_5_int5.xyz -1.73 3.79 -12.21 -12.25 -6.15 -2.19
Ir_7_6_int5.xyz -5.48 0.97 -7.62 -2.00 -16.13 -0.49
Ir_7_8_int5.xyz 9.88 -10.57 -2.84 -8.83 -9.40 -8.99
Ir_7_9_int5.xyz 8.37 -7.81 -9.16 -7.67 -5.94 -8.53
Ir_7_10_int5.xyz -3.40 4.48 -11.51 -6.35 -10.02 -3.94
Ir_7_11_int5.xyz 3.31 -6.69 -9.20 -4.52 -7.68 -5.97
Ir_7_12_int5.xyz 0.59 5.29 -15.94 -2.95 -13.45 -4.28
Ir_7_14_int5.xyz 1.92 -9.20 -3.90 -10.88 -9.55 0.87
Ir_7_16_int5.xyz 2.91 -2.71 -14.94 -6.08 -1.85 -8.08
Ir_7_17_int5.xyz 1.40 -3.47 -7.32 -11.01 -1.63 -8.71
Ir_7_18_int5.xyz -0.46 -0.98 -12.46 -5.79 -1.44 -9.60
Ir_7_21_int5.xyz 7.12 3.51 -17.55 -7.62 -4.70 -11.50
Ir_7_22_int5.xyz 5.28 -3.56 -12.58 -5.95 -9.38 -4.56
Ir_8_0_int5.xyz -9.58 1.39 -14.53 1.36 -11.36 1.98
Ir_8_1_int5.xyz -5.65 -3.62 -15.14 2.48 -8.82 0.01
Ir_8_2_int5.xyz 1.05 -3.81 -7.89 -10.72 -8.02 -1.35
Ir_8_3_int5.xyz -7.87 -1.19 -17.04 3.00 -3.38 -4.27
Ir_8_4_int5.xyz -9.28 -0.86 -13.52 6.61 -12.54 -1.15
Ir_8_5_int5.xyz -4.54 -0.72 -11.23 -3.49 -6.62 -4.13
Ir_8_6_int5.xyz -9.01 5.10 -18.96 4.91 -11.37 -1.42
Ir_8_7_int5.xyz 15.03 -5.89 -1.78 -28.49 18.14 -27.75
Ir_8_8_int5.xyz -7.77 0.99 -16.47 3.99 -10.72 -0.77
Ir_8_9_int5.xyz -7.86 1.31 -9.22 -7.01 -7.87 -0.09
Ir_8_10_int5.xyz -7.67 3.54 -18.24 3.06 -8.59 -2.85
Ir_8_11_int5.xyz -9.90 4.09 -16.03 0.46 -7.29 -2.07
Ir_8_12_int5.xyz -7.72 2.95 -18.95 2.75 -9.79 0.01
Ir_8_13_int5.xyz -0.52 -0.12 -10.48 -3.63 -2.57 -13.40
Ir_8_14_int5.xyz -9.41 5.47 -20.31 3.75 -10.28 0.05
Ir_8_15_int5.xyz 2.94 -1.22 -11.94 -5.85 -2.38 -12.29
Ir_8_16_int5.xyz -12.00 1.26 -10.10 -5.34 -7.38 2.82
Ir_8_17_int5.xyz -11.42 6.97 -21.44 8.49 -9.18 -4.16
Ir_8_18_int5.xyz -10.57 0.35 -14.14 1.95 -4.86 -3.46
Ir_8_19_int5.xyz -10.94 0.91 -12.42 0.14 -5.46 -2.97
Ir_8_20_int5.xyz -6.56 -1.79 -16.44 3.03 -6.51 -2.47
Ir_8_21_int5.xyz -3.98 -4.35 -10.64 -7.20 -0.50 -4.06
Ir_8_22_int5.xyz -4.79 -3.93 -10.91 -5.94 -3.98 -1.21
Ir_9_0_int5.xyz -10.30 0.13 -11.73 -2.24 -8.84 2.24
Ir_9_1_int5.xyz -3.81 -3.03 -13.05 0.25 -11.14 0.04
Ir_9_2_int5.xyz -0.71 -1.21 -10.81 -5.01 -9.37 -3.63
Ir_9_3_int5.xyz -0.35 -1.62 -8.46 -7.03 -10.61 -2.67
Ir_9_4_int5.xyz -9.84 2.95 -15.54 -0.72 -8.42 0.82
Ir_9_5_int5.xyz -7.86 3.15 -14.81 1.71 -11.87 -1.07
Ir_9_6_int5.xyz 3.51 -5.21 -21.32 2.79 -8.24 -2.26
Ir_9_8_int5.xyz -9.72 4.54 -18.80 2.05 -8.12 -0.69
Ir_9_9_int5.xyz -8.98 4.35 -15.38 -2.67 -8.01 -0.06
Ir_9_10_int5.xyz -11.92 4.84 -12.01 -3.16 -11.18 2.68
Ir_9_11_int5.xyz -11.81 5.24 -18.98 4.40 -9.74 0.15
Ir_9_12_int5.xyz -8.66 3.25 -17.35 2.17 -9.78 -0.37
Ir_9_13_int5.xyz -5.31 0.77 -11.06 3.30 -11.54 -6.90
Ir_9_14_int5.xyz -9.37 5.40 -20.23 3.57 -10.62 0.51
Ir_9_15_int5.xyz -2.00 -5.15 -12.93 -1.74 -1.71 -7.21
Ir_9_16_int5.xyz -7.67 -0.29 -12.95 3.27 -10.99 -2.13
Ir_9_17_int5.xyz -13.48 5.57 -16.93 0.92 -3.35 -3.47
Ir_9_18_int5.xyz -11.18 6.89 -14.48 -0.04 -11.93 0.00
Ir_9_19_int5.xyz -11.22 2.82 -8.14 -9.23 -4.69 -0.28
Ir_9_20_int5.xyz -7.82 5.27 -17.25 -1.19 -7.72 -2.03
Ir_9_21_int5.xyz -7.24 0.97 -6.25 -5.56 -13.58 0.92
Ir_9_22_int5.xyz -1.40 -9.40 1.66 -15.12 -3.84 -2.64
Ir_10_0_int5.xyz -9.47 2.71 -14.86 0.41 -9.03 -0.49
Ir_10_1_int5.xyz -5.35 -2.68 -14.67 -1.01 -8.44 1.42
Ir_10_2_int5.xyz -4.39 0.99 -9.15 -9.76 -4.97 -3.45
Ir_10_3_int5.xyz 3.71 -0.03 -7.94 -5.87 -4.03 -16.57
Ir_10_4_int5.xyz -9.09 5.64 -21.09 2.57 -11.30 2.54
Ir_10_5_int5.xyz -8.51 0.39 -11.55 2.80 -11.88 -1.99
Ir_10_6_int5.xyz -7.14 -1.15 -11.63 3.11 -13.48 -0.45
Ir_10_8_int5.xyz -7.73 2.66 -16.67 1.47 -10.28 -0.18
Ir_10_9_int5.xyz -8.77 3.54 -17.22 1.75 -7.83 -2.20
Ir_10_10_int5.xyz -8.53 1.18 -15.79 3.07 -11.29 0.62
Ir_10_11_int5.xyz -9.94 4.12 -17.61 3.38 -11.39 0.71
Ir_10_12_int5.xyz -8.22 1.86 -16.51 2.67 -9.80 -0.75
Ir_10_13_int5.xyz -3.20 7.15 -12.40 -8.47 -0.99 -12.84
Ir_10_14_int5.xyz -10.48 7.15 -20.94 4.09 -8.59 -1.96
Ir_10_15_int5.xyz 6.37 -4.67 -7.05 -10.41 5.37 -20.36
Ir_10_16_int5.xyz -9.58 3.41 -8.68 -4.07 -9.66 -2.17
Ir_10_17_int5.xyz -12.60 2.99 -12.17 -4.01 -7.11 2.15
Ir_10_18_int5.xyz -14.13 3.58 -11.20 0.20 -12.96 3.77
Ir_10_19_int5.xyz -12.90 3.60 -14.90 -0.03 -6.50 0.00
Ir_10_20_int5.xyz -5.87 1.17 -13.45 -0.75 -10.57 -1.27
Ir_10_21_int5.xyz -6.45 6.16 -13.41 -2.79 -14.88 0.63
Ir_10_22_int5.xyz 0.47 -7.54 -3.73 -11.48 -6.31 -2.16
Ir_11_0_int5.xyz -10.45 3.89 -17.65 2.17 -9.91 1.22
Ir_11_1_int5.xyz -5.17 -1.81 -11.22 -2.91 -10.55 0.94
Ir_11_2_int5.xyz -3.68 3.13 -8.51 -11.07 -6.12 -4.49
Ir_11_3_int5.xyz -3.51 -4.07 -6.85 -9.11 -5.24 -1.96
Ir_11_4_int5.xyz -10.92 1.36 -16.93 4.92 -10.43 1.27
Ir_11_5_int5.xyz -8.67 3.09 -13.31 -4.55 -7.22 -0.08
Ir_11_6_int5.xyz -12.04 4.39 -15.37 -1.32 -8.23 1.83
Ir_11_7_int5.xyz 7.28 -17.13 14.23 -29.25 2.13 -8.00
Ir_11_8_int5.xyz -8.14 3.88 -19.25 6.17 -12.89 -0.50
Ir_11_9_int5.xyz -11.00 6.40 -19.22 0.14 -5.37 -1.70
Ir_11_10_int5.xyz -10.07 4.69 -12.75 -3.84 -6.31 -2.45
Ir_11_11_int5.xyz -10.93 3.14 -17.27 2.16 -7.56 -0.28
Ir_11_12_int5.xyz -7.97 5.88 -18.40 0.26 -9.14 -1.37
Ir_11_13_int5.xyz -0.16 -0.90 -10.88 -1.08 -4.42 -13.29
Ir_11_14_int5.xyz -10.52 3.64 -17.09 2.48 -6.02 -3.23
Ir_11_15_int5.xyz 4.50 -5.05 -11.70 13.77 -22.38 -9.88
Ir_11_16_int5.xyz -12.61 2.30 -13.01 -0.42 -7.79 0.79
Ir_11_17_int5.xyz -12.69 3.03 -12.76 -2.52 -1.33 -4.47
Ir_11_18_int5.xyz -10.65 10.00 -17.52 -5.41 -6.74 -0.43
Ir_11_19_int5.xyz -10.15 3.88 -12.73 -2.64 -4.35 -4.75
Ir_11_20_int5.xyz -10.28 2.91 -13.74 3.62 -12.65 -0.60
Ir_11_21_int5.xyz -6.30 5.55 -11.51 -5.21 -11.22 -2.06
Ir_11_22_int5.xyz 2.51 -7.30 -11.89 -4.09 -4.86 -5.10
Ir_12_0_int5.xyz -9.51 0.93 -13.27 -0.42 -11.28 2.80
Ir_12_1_int5.xyz -7.87 2.47 -12.33 -6.11 -6.36 -0.53
Ir_12_2_int5.xyz -2.64 0.74 -11.10 -0.49 -11.62 -5.63
Ir_12_3_int5.xyz 1.13 -5.35 -13.06 -0.98 -8.71 -3.77
Ir_12_4_int5.xyz -10.23 4.91 -20.08 0.24 -4.19 -1.40
Ir_12_5_int5.xyz -7.72 1.61 -12.21 -2.95 -8.86 -0.62
Ir_12_6_int5.xyz -7.29 -0.86 -12.72 -3.88 -6.39 0.40
Ir_12_7_int5.xyz 13.40 -4.58 -4.60 -19.19 3.37 -19.14
Ir_12_8_int5.xyz -9.15 2.87 -17.40 2.17 -9.15 -0.08
Ir_12_9_int5.xyz -8.65 1.17 -15.75 1.62 -9.58 0.45
Ir_12_10_int5.xyz -9.14 4.19 -13.74 -1.79 -8.57 -1.68
Ir_12_11_int5.xyz -11.90 5.81 -12.88 -2.51 -10.45 1.19
Ir_12_12_int5.xyz -10.56 5.34 -19.89 3.39 -10.01 0.99
Ir_12_13_int5.xyz -3.82 -6.24 4.25 -15.72 -2.74 -6.47
Ir_12_14_int5.xyz -6.25 0.34 -17.79 6.73 -9.93 -3.84
Ir_12_15_int5.xyz 6.60 -8.00 -3.02 -15.07 -4.77 -6.49
Ir_12_16_int5.xyz -11.38 3.64 -13.70 -3.36 -4.30 -1.64
Ir_12_17_int5.xyz -10.10 4.91 -12.92 1.90 -14.57 0.05
Ir_12_18_int5.xyz -9.67 2.77 -12.88 1.06 -15.56 3.54
Ir_12_19_int5.xyz -14.03 5.28 -19.23 4.43 -9.42 2.23
Ir_12_20_int5.xyz -7.49 0.49 -13.33 -2.21 -4.87 -3.33
Ir_12_21_int5.xyz -10.11 -2.46 -8.56 -2.20 -7.15 -0.25
Ir_12_22_int5.xyz 0.09 -5.13 -15.31 -4.48 -2.67 -3.24
Ir_13_0_int5.xyz -3.83 -5.72 -7.87 -8.20 -5.94 0.83
Ir_13_1_int5.xyz -8.25 3.16 -4.94 -17.89 4.63 -7.44
Ir_13_2_int5.xyz 5.48 -7.12 -12.98 -7.53 -1.89 -6.70
Ir_13_4_int5.xyz -12.25 2.76 -13.49 0.48 -7.69 -0.54
Ir_13_5_int5.xyz -10.66 -1.64 1.33 -13.26 -1.38 -5.13
Ir_13_6_int5.xyz -2.58 -0.45 0.13 -10.92 -2.74 -14.19
Ir_13_8_int5.xyz -9.24 -1.80 -13.49 -1.51 -4.94 0.24
Ir_13_9_int5.xyz -4.46 -1.02 -13.44 -1.37 -7.20 -3.25
Ir_13_10_int5.xyz -2.53 -0.01 -9.92 -0.87 -9.38 -8.02
Ir_13_11_int5.xyz -6.40 -3.59 -10.98 1.47 -8.11 -3.13
Ir_13_12_int5.xyz -4.83 -2.95 -13.95 -0.73 -4.44 -3.85
Ir_13_13_int5.xyz 0.46 -8.60 0.09 -3.52 -7.42 -11.76
Ir_13_14_int5.xyz -2.65 1.29 -16.42 -2.86 -5.70 -4.40
Ir_13_16_int5.xyz -6.04 4.04 -15.78 -6.69 -2.95 -3.32
Ir_13_17_int5.xyz -10.82 3.32 -7.60 -9.59 -1.04 -5.01
Ir_13_18_int5.xyz -6.23 1.06 -13.80 0.26 -8.63 -3.40
Ir_13_19_int5.xyz -8.02 5.33 -13.72 -1.72 -6.76 -5.85
Ir_13_20_int5.xyz -2.84 -1.68 -10.98 -1.92 -7.41 -5.91
Ir_13_21_int5.xyz -3.99 -2.57 -7.55 -9.92 -4.68 -2.02
Ir_13_22_int5.xyz 3.96 -7.09 -3.60 -6.50 -8.29 -9.22
Ir_14_0_int5.xyz -10.27 1.76 -15.14 0.49 -9.37 1.79
Ir_14_1_int5.xyz -7.59 2.49 -9.05 -6.42 -10.00 -0.17
Ir_14_2_int5.xyz -7.30 5.57 -15.76 -4.40 -2.29 -6.56
Ir_14_3_int5.xyz -4.39 -0.50 -4.17 -9.32 -4.61 -7.75
Ir_14_4_int5.xyz -7.78 3.79 -15.98 -2.45 -6.50 -1.80
Ir_14_5_int5.xyz -5.73 2.71 -14.44 -1.62 -8.95 -2.71
Ir_14_6_int5.xyz -7.55 0.44 -11.82 0.62 -11.61 -0.82
Ir_14_7_int5.xyz 6.83 -0.50 -12.00 -13.30 -1.92 -9.84
Ir_14_8_int5.xyz -8.13 2.86 -18.57 3.67 -7.69 -2.86
Ir_14_9_int5.xyz -7.47 2.64 -15.42 -0.44 -9.83 -0.22
Ir_14_10_int5.xyz -7.74 4.11 -20.97 3.11 -4.36 -4.89
Ir_14_11_int5.xyz -10.48 4.39 -18.63 6.18 -9.47 -2.73
Ir_14_12_int5.xyz -8.14 3.81 -19.44 1.41 -5.93 -2.45
Ir_14_13_int5.xyz 5.81 -10.60 -6.04 -1.33 -12.37 -6.21
Ir_14_14_int5.xyz -9.13 9.42 -19.64 -0.08 -10.33 -0.98
Ir_14_15_int5.xyz 2.79 -8.97 -2.87 -11.01 -6.23 -4.46
Ir_14_16_int5.xyz -9.21 1.71 -10.70 -3.58 -8.08 -0.87
Ir_14_17_int5.xyz -13.06 8.76 -19.12 0.90 -5.41 -2.82
Ir_14_18_int5.xyz -9.62 2.72 -13.93 -2.80 -7.09 -0.02
Ir_14_19_int5.xyz -10.99 5.80 -15.39 -2.25 -7.60 -0.31
Ir_14_20_int5.xyz -6.62 3.49 -16.07 1.36 -12.37 -0.53
Ir_14_21_int5.xyz -6.07 5.37 -16.06 -3.67 -6.05 -4.25
Ir_14_22_int5.xyz -4.52 -3.61 -6.53 -8.34 -4.65 -3.09
Ir_15_0_int5.xyz -12.54 1.72 -13.58 -3.42 -2.41 -0.50
Ir_15_1_int5.xyz -7.54 -0.95 -7.69 -11.58 -6.89 3.90
Ir_15_2_int5.xyz -10.07 9.07 -12.09 -12.95 -8.96 4.26
Ir_15_4_int5.xyz -15.14 -0.62 -14.40 2.62 -11.70 8.49
Ir_15_5_int5.xyz -4.83 3.03 -12.17 -3.17 -1.41 -12.19
Ir_15_6_int5.xyz -4.90 -2.54 -7.75 -6.47 1.01 -10.10
Ir_15_8_int5.xyz -10.74 3.97 -14.48 3.95 -13.80 0.37
Ir_15_9_int5.xyz -3.25 4.14 -15.20 -9.17 -4.28 -2.98
Ir_15_10_int5.xyz -7.21 3.70 -12.15 -1.71 -11.38 -1.99
Ir_15_11_int5.xyz -3.83 -2.23 -9.39 -5.59 -5.27 -4.43
Ir_15_12_int5.xyz -6.58 3.12 -4.78 -9.29 -10.26 -2.95
Ir_15_13_int5.xyz 5.82 -21.42 5.69 -13.44 -3.34 -4.05
Ir_15_14_int5.xyz -4.75 7.03 -9.87 -15.03 -5.22 -2.89
Ir_15_16_int5.xyz -7.86 9.73 -6.59 -16.60 -7.55 -1.88
Ir_15_17_int5.xyz -4.72 -1.43 -4.04 -4.88 -10.58 -5.10
Ir_15_18_int5.xyz -14.99 0.36 -13.00 2.42 -9.11 3.57
Ir_15_19_int5.xyz -10.14 7.37 -13.55 8.63 -19.18 -3.86
Ir_15_20_int5.xyz -1.44 -1.49 -17.22 0.26 -9.83 -1.01
Ir_15_21_int5.xyz -3.19 -4.88 0.81 -10.71 1.01 -13.77
Ir_15_22_int5.xyz 10.25 -11.80 -9.10 -4.95 -11.14 -4.00
Ir_16_0_int5.xyz -8.52 0.65 -9.22 2.19 -16.91 1.06
Ir_16_1_int5.xyz -4.48 1.98 -11.58 -9.22 -7.91 0.47
Ir_16_2_int5.xyz -0.91 0.80 -11.07 -8.90 -9.33 -1.33
Ir_16_3_int5.xyz -2.44 1.94 -8.51 -9.04 -7.01 -5.68
Ir_16_4_int5.xyz -5.19 -0.44 -13.18 1.25 -10.20 -2.97
Ir_16_5_int5.xyz -10.61 2.03 -17.35 0.43 -5.96 0.72
Ir_16_6_int5.xyz -3.12 -0.38 -5.80 -4.13 -10.17 -7.14
Ir_16_7_int5.xyz 13.68 -13.74 1.86 -21.46 -1.27 -9.82
Ir_16_8_int5.xyz -10.60 9.31 -22.21 5.68 -10.82 -2.10
Ir_16_9_int5.xyz -8.25 2.34 -10.19 -1.78 -10.86 -1.99
Ir_16_10_int5.xyz -10.58 1.61 -11.48 3.80 -14.60 0.51
Ir_16_11_int5.xyz -9.62 1.97 -12.36 -2.75 -6.58 -1.40
Ir_16_12_int5.xyz -8.96 8.12 -20.81 0.91 -10.69 0.70
Ir_16_13_int5.xyz -0.52 -6.50 -7.97 2.46 -11.08 -7.14
Ir_16_14_int5.xyz -12.69 4.18 -14.83 1.23 -12.27 3.64
Ir_16_16_int5.xyz -12.99 5.28 -15.61 4.80 -8.83 -3.39
Ir_16_17_int5.xyz -9.66 1.92 -18.31 6.56 -9.55 -1.69
Ir_16_18_int5.xyz -12.09 5.51 -8.49 -4.95 -7.32 -3.41
Ir_16_19_int5.xyz -13.47 4.05 -14.27 2.69 -9.09 -0.65
Ir_16_20_int5.xyz -9.81 2.68 -12.21 2.24 -13.32 -0.32
Ir_16_21_int5.xyz 0.78 -8.37 -2.60 -4.69 -5.29 -10.58
Ir_16_22_int5.xyz -1.11 -5.98 -9.73 3.58 -8.15 -9.35
Ir_17_0_int5.xyz -8.89 0.97 -16.41 2.03 -9.01 0.57
Ir_17_1_int5.xyz -7.30 0.31 -11.95 2.33 -15.19 1.04
Ir_17_2_int5.xyz -2.02 -3.45 -9.89 -3.54 -6.97 -4.85
Ir_17_3_int5.xyz -4.94 -1.41 -4.34 -11.00 -8.42 -0.63
Ir_17_4_int5.xyz -6.65 0.16 -13.77 1.81 -9.74 -2.54
Ir_17_5_int5.xyz -7.16 -1.00 -8.46 -3.47 -6.15 -4.50
Ir_17_6_int5.xyz -3.52 -5.57 -9.03 -3.74 -4.29 -4.58
Ir_17_7_int5.xyz 13.21 -8.57 -4.07 -1.64 -17.83 -11.85
Ir_17_8_int5.xyz -8.75 1.97 -18.71 8.96 -15.43 1.22
Ir_17_9_int5.xyz -13.18 -0.04 -8.64 -1.05 -11.90 4.07
Ir_17_10_int5.xyz -8.04 2.38 -18.08 3.74 -8.69 -2.06
Ir_17_11_int5.xyz -10.07 7.85 -20.00 4.18 -9.76 -2.94
Ir_17_12_int5.xyz -10.06 7.73 -20.11 1.64 -10.19 0.25
Ir_17_13_int5.xyz 0.17 -5.07 -6.10 -6.47 -2.25 -11.02
Ir_17_14_int5.xyz -12.87 6.25 -16.72 4.91 -10.58 -1.73
Ir_17_15_int5.xyz -1.54 -4.40 -8.37 -10.13 1.67 -7.97
Ir_17_16_int5.xyz -11.36 4.77 -15.37 1.17 -6.10 -3.86
Ir_17_17_int5.xyz -14.16 6.15 -18.07 5.12 -5.97 -3.82
Ir_17_18_int5.xyz -13.01 6.58 -20.29 3.22 -4.90 -2.35
Ir_17_19_int5.xyz -13.72 6.45 -18.21 3.47 -7.42 -1.31
Ir_17_20_int5.xyz -9.20 5.59 -13.45 1.24 -9.76 -5.15
Ir_17_21_int5.xyz 1.86 -2.49 -11.37 -11.20 -3.86 -3.68
Ir_17_22_int5.xyz -2.44 -3.46 2.91 -10.72 -14.01 -3.02
Ir_18_0_int5.xyz -7.40 1.95 -12.44 -5.81 -7.66 0.62
Ir_18_1_int5.xyz -5.29 -1.83 -6.63 0.91 -17.81 -0.08
Ir_18_2_int5.xyz -3.90 -1.48 -6.49 -8.94 -7.75 -2.19
Ir_18_3_int5.xyz 2.18 -2.30 -3.27 -10.46 -11.10 -5.79
Ir_18_4_int5.xyz -8.02 3.42 -12.88 2.98 -11.85 -4.38
Ir_18_5_int5.xyz -6.46 -0.77 -8.50 -3.51 -9.96 -1.54
Ir_18_6_int5.xyz -7.07 1.25 -11.94 -1.85 -6.86 -4.28
Ir_18_7_int5.xyz 13.72 -0.01 -15.64 -6.09 -7.16 -15.56
Ir_18_8_int5.xyz -8.47 -0.37 -15.55 5.59 -13.54 1.61
Ir_18_9_int5.xyz -9.21 4.74 -12.63 0.52 -16.98 2.82
Ir_18_10_int5.xyz -11.68 8.00 -21.58 3.79 -10.99 1.74
Ir_18_11_int5.xyz -9.98 2.47 -16.30 3.30 -9.34 -0.89
Ir_18_12_int5.xyz -6.69 -0.22 -17.71 5.24 -10.23 -1.12
Ir_18_13_int5.xyz -2.96 2.68 -2.49 -13.64 -9.92 -4.41
Ir_18_14_int5.xyz -12.70 2.20 -7.97 2.86 -17.05 1.91
Ir_18_15_int5.xyz -4.13 -8.85 -6.63 -5.55 1.70 -7.26
Ir_18_16_int5.xyz -11.27 3.05 -15.35 1.09 -6.77 -1.50
Ir_18_17_int5.xyz -11.34 1.04 -15.45 2.56 -4.79 -2.76
Ir_18_18_int5.xyz -14.24 7.61 -17.71 2.48 -7.84 -1.04
Ir_18_19_int5.xyz -13.02 6.31 -10.68 -4.21 -8.05 -1.09
Ir_18_20_int5.xyz -8.71 9.00 -18.16 -1.76 -7.25 -3.86
Ir_18_21_int5.xyz -3.91 1.32 -9.41 -10.41 -1.16 -7.17
Ir_18_22_int5.xyz -1.03 0.38 -8.56 -9.05 -2.77 -9.71
Ir_19_0_int5.xyz -13.15 0.46 -15.38 3.64 -11.81 5.50
Ir_19_1_int5.xyz -4.21 -3.46 -6.74 0.86 -15.08 -2.10
Ir_19_2_int5.xyz 2.29 -4.75 -11.14 -7.55 -7.46 -2.14
Ir_19_3_int5.xyz -2.51 -4.04 -4.30 -7.79 -6.20 -5.90
Ir_19_4_int5.xyz -4.69 -1.17 -14.06 6.05 -12.31 -4.56
Ir_19_5_int5.xyz -3.19 -0.63 -10.12 -4.34 -8.82 -3.65
Ir_19_6_int5.xyz -2.20 -4.46 -14.17 0.60 -6.28 -4.21
Ir_19_8_int5.xyz -9.89 3.57 -17.88 7.00 -12.35 -1.19
Ir_19_9_int5.xyz -9.57 7.78 -19.73 4.05 -11.73 -1.53
Ir_19_10_int5.xyz -9.14 2.49 -9.25 -9.07 -5.78 0.00
Ir_19_11_int5.xyz -10.46 3.18 -13.85 -2.12 -6.86 -0.63
Ir_19_12_int5.xyz -7.01 3.56 -17.43 4.65 -8.25 -6.26
Ir_19_13_int5.xyz -7.96 -1.37 -10.37 -1.89 -12.10 2.95
Ir_19_14_int5.xyz -9.72 3.29 -15.89 -2.14 -8.21 1.93
Ir_19_15_int5.xyz -3.91 -1.84 -12.60 -3.60 -11.71 2.92
Ir_19_16_int5.xyz -11.04 3.60 -16.25 2.15 -8.37 -0.84
Ir_19_17_int5.xyz -11.42 2.38 -19.29 6.34 -6.61 -2.14
Ir_19_18_int5.xyz -9.91 3.13 -14.53 -0.58 -6.09 -2.75
Ir_19_19_int5.xyz -15.40 4.99 -11.11 -1.57 -1.29 -6.35
Ir_19_20_int5.xyz -6.86 -1.92 -17.10 5.37 -10.35 0.12
Ir_19_21_int5.xyz -9.44 -2.29 -8.98 -4.06 -7.94 1.97
Ir_19_22_int5.xyz 0.56 -4.59 6.45 -21.35 3.98 -15.78
Ir_20_0_int5.xyz -8.98 0.58 -10.73 -2.33 -11.05 1.78
Ir_20_1_int5.xyz -5.94 0.17 -13.32 -0.95 -9.67 -1.03
Ir_20_2_int5.xyz 1.93 -8.40 -8.44 -3.37 0.08 -12.55
Ir_20_3_int5.xyz -1.84 -2.45 1.14 -13.05 -9.78 -4.76
Ir_20_4_int5.xyz -6.99 2.93 -19.73 2.42 -8.85 -0.52
Ir_20_5_int5.xyz -5.76 -1.32 -12.61 0.54 -3.48 -8.10
Ir_20_6_int5.xyz -5.64 0.80 -5.58 -5.33 -11.05 -3.94
Ir_20_7_int5.xyz 4.01 -7.00 1.34 -9.71 -9.10 -10.27
Ir_20_8_int5.xyz -8.88 3.12 -19.14 1.81 -7.48 -0.18
Ir_20_9_int5.xyz -7.98 2.40 -15.07 -0.77 -8.86 -0.45
Ir_20_10_int5.xyz -10.02 5.78 -20.13 5.32 -16.86 5.17
Ir_20_11_int5.xyz -9.91 4.55 -9.70 -5.18 -11.07 0.56
Ir_20_12_int5.xyz -11.59 5.60 -12.49 -3.50 -8.39 -0.37
Ir_20_13_int5.xyz -9.63 2.41 -9.40 -3.36 -4.91 -5.85
Ir_20_14_int5.xyz -9.59 1.29 -16.29 13.00 -24.82 5.66
Ir_20_15_int5.xyz 0.44 2.76 -5.35 -9.67 -14.46 -4.45
Ir_20_16_int5.xyz -10.48 3.48 -13.37 -0.86 -7.72 -1.80
Ir_20_17_int5.xyz -10.52 0.58 -11.70 0.45 -5.22 -4.33
Ir_20_18_int5.xyz -9.52 0.48 -13.96 1.35 -2.51 -6.57
Ir_20_19_int5.xyz -12.58 3.28 -14.04 3.91 -10.13 -1.19
Ir_20_20_int5.xyz -6.19 -1.45 -12.36 1.98 -8.55 -4.17
Ir_20_21_int5.xyz -3.97 -1.82 -7.04 -9.18 -6.33 -2.40
Ir_21_0_int5.xyz -8.00 1.46 -9.73 -7.27 -9.76 2.56
Ir_21_1_int5.xyz -5.90 0.42 -6.84 -8.05 -10.63 0.26
Ir_21_2_int5.xyz 1.85 -9.17 -9.05 -2.91 -9.01 -2.46
Ir_21_3_int5.xyz 3.72 -7.23 -5.04 -11.79 -6.20 -4.21
Ir_21_4_int5.xyz -5.89 -2.43 -5.56 -4.99 -10.08 -1.78
Ir_21_5_int5.xyz -7.42 0.93 -10.74 -2.49 -10.96 -0.06
Ir_21_6_int5.xyz -5.61 5.26 -19.15 7.93 -22.06 2.89
Ir_21_8_int5.xyz -8.23 3.10 -16.79 0.41 -11.01 1.78
Ir_21_9_int5.xyz -9.65 0.17 -11.90 -4.08 -6.93 1.64
Ir_21_10_int5.xyz -3.96 0.15 -19.65 -1.96 -5.14 -0.18
Ir_21_11_int5.xyz -8.72 3.21 -11.40 -4.82 -6.49 -2.52
Ir_21_12_int5.xyz -6.22 -1.71 -11.48 -4.44 -6.52 -0.37
Ir_21_13_int5.xyz -0.50 -2.45 -4.77 -7.91 -1.96 -13.13
Ir_21_14_int5.xyz -7.99 -1.57 -13.56 -0.73 -11.29 4.39
Ir_21_15_int5.xyz 7.71 -5.10 -11.71 -19.42 14.12 -16.35
Ir_21_16_int5.xyz -12.03 5.72 -18.35 2.01 -7.70 -0.39
Ir_21_17_int5.xyz -10.34 3.26 -13.72 -3.55 -4.11 -2.28
Ir_21_18_int5.xyz -7.66 3.47 -13.47 -5.17 0.35 -8.25
Ir_21_19_int5.xyz -9.40 12.07 -13.55 -6.22 -12.39 -1.25
Ir_21_20_int5.xyz -7.16 1.62 -10.79 -2.68 -8.07 -3.66
Ir_21_21_int5.xyz 3.88 -9.26 -5.24 -8.53 -11.78 0.17
Ir_21_22_int5.xyz 2.69 -3.12 -5.91 -11.91 -6.09 -6.41
Ir_22_0_int5.xyz -4.05 -3.59 -13.79 -1.04 -9.83 1.57
Ir_22_1_int5.xyz -1.72 -1.32 -2.12 -16.48 -7.60 -1.51
Ir_22_2_int5.xyz 7.13 -7.96 -1.62 -17.09 -5.52 -5.68
Ir_22_3_int5.xyz 2.47 -3.41 -6.21 -9.27 -8.95 -5.37
Ir_22_4_int5.xyz -4.40 -1.77 -12.79 -1.24 -12.03 1.49
Ir_22_5_int5.xyz -3.89 -0.07 -14.33 0.21 -14.03 1.38
Ir_22_6_int5.xyz -7.35 2.10 -12.18 -1.06 -12.33 0.08
Ir_22_8_int5.xyz -8.34 -1.94 -7.38 -5.14 -9.72 1.77
Ir_22_9_int5.xyz -8.54 0.64 -12.37 -3.87 -4.13 -2.47
Ir_22_10_int5.xyz -4.26 -1.55 -11.17 0.31 -9.90 -4.16
Ir_22_11_int5.xyz -3.38 -2.63 -10.22 -5.77 -4.88 -3.86
Ir_22_12_int5.xyz -4.97 2.69 -16.13 -8.14 -2.14 -2.04
Ir_22_13_int5.xyz -3.13 -3.63 2.76 -13.78 1.63 -14.60
Ir_22_14_int5.xyz -7.12 0.88 -9.92 -11.68 -1.62 -1.28
Ir_22_16_int5.xyz -8.81 -2.01 -13.76 -2.85 -1.38 -1.93
Ir_22_17_int5.xyz -9.65 4.55 -13.72 0.26 -10.56 -1.61
Ir_22_18_int5.xyz -4.93 -0.20 -4.39 -11.21 -7.78 -2.22
Ir_22_19_int5.xyz -12.45 9.21 -21.12 3.53 -8.83 -1.08
Ir_22_20_int5.xyz -5.94 4.94 -13.76 -5.57 -5.98 -4.43
Ir_22_21_int5.xyz 3.07 -11.09 -8.87 -6.71 -4.76 -2.37
Ir_22_22_int5.xyz 0.71 -7.83 -1.49 -8.61 -7.59 -5.93
